1009 12 3
1011 4 10
1012 15 11
1024 16 23
1027 13 19
103 18 25
1033 23 20
104 19 23
1040 20 4
1067 3 14
1083 5 2
1087 16 14
1092 4 2
1096 13 15
1103 6 13
1108 17 22
1109 18 3
1115 23 19
1122 25 10
1130 17 25
1135 8 0
1139 5 12
115 23 22
1154 22 24
1169 19 1
1180 23 1
1183 16 22
1194 13 16
121 11 7
1217 22 14
1218 21 25
1229 25 6
123 17 1
1234 19 3
1235 18 11
1247 20 7
1249 24 8
1255 19 7
1263 21 12
1267 18 10
127 16 8
1272 17 18
1277 16 10
128 21 10
129 17 7
1290 10 5
1294 18 8
1297 23 5
130 3 7
1300 10 14
1301 17 20
1307 7 3
1314 0 11
1315 13 18
1317 14 19
1321 1 10
1326 11 10
1337 3 13
1340 8 14
1341 15 21
1343 8 16
1344 15 15
1346 8 12
1352 12 12
1355 22 3
1361 18 23
1362 11 1
1366 10 20
1375 10 21
1376 12 14
1385 8 2
1391 0 16
1393 21 0
1402 18 18
141 1 12
1418 8 9
1419 6 7
143 14 11
1433 17 16
1436 7 11
144 5 6
1440 17 14
1446 18 16
1453 8 8
1462 15 16
1466 17 15
1472 7 9
1481 22 10
1490 14 18
150 16 7
1500 6 10
1502 6 16
1528 13 14
1534 13 10
1537 0 20
1538 10 8
154 20 11
1542 20 6
1547 12 24
1552 7 17
1558 5 8
1569 5 15
1572 10 16
1574 0 17
1587 4 24
1611 5 9
1620 7 8
163 24 11
1635 20 18
1639 25 14
1647 12 7
1652 16 5
166 8 18
1661 15 23
1672 9 9
1684 24 13
1686 16 6
17 5 20
1702 0 10
1708 8 5
1713 15 7
1720 8 6
1763 7 6
1766 14 6
1776 21 7
1780 17 4
1798 0 19
1799 21 14
180 1 23
1803 6 18
1806 23 10
1820 17 21
1829 12 22
1838 17 9
1839 0 12
1841 10 13
1849 16 19
1850 20 1
1852 18 12
192 24 6
194 3 5
198 13 25
200 23 11
201 2 4
208 14 0
212 3 9
213 9 20
215 16 0
222 23 21
235 14 8
238 13 8
249 15 22
255 0 25
272 9 22
284 15 17
287 11 2
292 5 1
294 0 13
296 13 2
298 16 16
301 22 17
304 5 4
307 14 23
313 19 21
317 17 5
319 14 3
322 8 22
327 18 21
329 12 20
336 13 20
338 6 24
340 24 3
341 7 0
346 22 4
350 21 2
364 16 3
369 24 18
37 7 4
382 11 5
395 2 12
40 4 12
402 6 11
403 14 14
405 25 0
406 12 13
41 20 15
410 23 8
42 0 21
420 4 15
423 13 7
424 8 10
425 3 21
426 24 24
427 18 15
430 16 11
434 15 6
435 17 12
438 11 14
440 6 23
442 13 11
443 14 17
447 14 13
450 15 24
451 8 13
452 0 14
453 4 7
454 23 25
459 14 7
468 6 6
469 10 10
479 10 9
482 9 6
483 6 9
484 6 8
487 2 6
491 23 9
493 11 3
494 12 11
497 19 17
50 13 9
501 15 5
503 16 9
507 18 1
51 12 15
512 0 8
517 2 10
518 6 15
519 5 7
520 15 0
521 14 22
523 9 4
525 15 8
529 13 22
530 10 12
533 9 11
536 13 21
544 10 7
545 9 19
546 8 15
552 17 11
553 10 6
557 1 5
558 20 9
560 0 7
562 1 7
564 20 12
565 7 23
569 9 10
571 9 7
572 9 8
574 9 14
578 7 16
581 7 7
583 12 8
591 21 4
596 22 12
604 6 5
606 14 12
612 16 20
615 23 6
616 12 21
617 14 16
619 20 14
62 8 17
626 7 5
628 6 14
633 12 17
635 25 8
636 1 3
637 0 23
638 10 4
639 6 12
641 15 13
644 15 18
646 4 8
6475 13 13
648 15 9
6491 20 10
6504 10 23
6510 7 21
6515 3 17
6522 12 5
6527 17 10
653 19 13
6537 1 17
655 19 11
6555 16 15
6559 25 2
6575 25 16
6582 19 6
6584 15 10
6588 6 25
6593 19 16
660 22 13
6618 10 3
6624 9 24
6628 20 2
6643 3 2
6654 10 11
666 10 19
6660 9 0
667 11 13
6670 4 1
6672 11 22
6674 14 15
668 1 20
669 3 10
6708 21 11
671 9 16
6713 4 16
673 24 15
6731 8 19
676 14 10
6763 25 15
6772 8 7
6785 8 11
6788 25 20
68 7 25
680 22 2
6803 17 8
6806 12 9
683 4 11
6831 25 11
6837 14 21
6838 2 15
684 24 16
685 3 11
686 18 17
6864 23 24
6870 11 11
6876 9 21
6888 21 15
689 18 6
6899 19 12
69 11 20
6900 18 14
6902 17 13
6913 22 6
6914 23 14
6931 20 0
696 10 24
6961 7 18
6968 6 4
698 11 12
6994 2 24
6996 10 15
70 10 1
700 21 8
7001 15 25
7005 9 17
701 0 15
7027 12 10
703 23 7
7035 12 16
704 3 8
7042 15 14
7047 15 12
705 12 2
7057 10 17
7058 1 19
708 2 7
7084 12 18
7092 9 12
7104 1 16
7114 2 18
7127 4 19
7134 14 25
7146 13 17
716 20 16
7161 11 21
717 7 14
7183 14 24
7188 8 25
719 25 13
7199 5 24
7222 2 11
7226 18 0
723 13 12
7235 19 4
725 11 9
7251 23 12
7267 2 3
7269 12 0
7279 24 21
7287 2 13
7296 11 8
7297 8 3
73 11 19
7312 2 19
7318 24 12
7326 18 20
734 7 12
736 24 17
738 10 22
741 20 17
744 6 19
747 8 4
751 17 6
752 25 25
761 7 15
763 10 18
768 23 13
772 13 24
779 22 1
784 19 14
785 20 8
790 25 5
798 4 13
800 13 6
802 5 13
808 14 9
824 11 17
834 6 20
837 7 13
842 20 3
843 11 15
845 9 5
850 9 18
852 11 18
856 7 19
859 7 20
882 10 0
883 5 14
89 19 9
895 9 15
896 11 6
905 12 6
907 4 25
909 11 16
931 22 7
939 16 21
948 12 19
949 24 25
95 19 8
957 25 1
961 9 13
962 8 23
97 0 9
970 0 18
971 13 23
972 18 13
98 11 23
988 16 12
n_n1108 14 20
n_n1112 3 15
n_n1123 20 19
n_n1127 8 21
n_n1128 24 19
n_n1129 24 7
n_n1185 5 22
n_n1189 19 10
n_n1191 18 7
n_n1229 16 17
n_n1234 1 11
n_n1240 11 4
n_n1241 24 14
n_n1243 19 15
n_n1245 23 3
n_n1250 3 22
n_n1256 4 9
n_n1264 4 14
n_n1265 17 17
n_n498 7 10
n_n725 5 11
n_n861 19 24
n_n876 18 9
n_n877 4 17
n_n878 20 13
n_n910 16 13
n_n913 0 0
n_n965 15 20
n_n972 3 12
n_n976 5 10
n_n978 17 0
n_n981 15 4
