1009 11 5
1018 14 18
1024 23 2
103 14 15
1039 11 14
1041 1 22
1043 14 19
1048 23 10
1080 17 17
1082 8 6
1084 6 11
1085 16 9
1102 9 20
1104 15 8
1106 17 3
1108 21 13
1109 2 6
1110 7 22
1111 0 14
1113 11 19
1120 0 6
1123 1 24
1142 2 4
1154 0 16
1155 1 1
1175 6 8
1179 19 11
1213 12 2
1214 23 7
1235 19 9
1281 17 0
1289 0 2
1291 7 24
1293 19 12
1295 5 11
1313 18 15
1318 0 0
1319 0 10
1320 3 1
135 11 17
1350 1 0
1360 18 2
1361 17 7
1381 16 6
1384 2 17
1389 14 2
1410 18 21
1421 24 2
1443 4 14
1445 17 8
1450 8 1
1451 2 5
1479 8 2
1483 19 10
1485 20 10
1486 21 4
1499 7 9
1502 0 4
1507 17 6
1520 15 1
1521 23 18
1524 15 22
1529 19 17
1535 2 22
1536 4 19
1562 3 4
1592 24 11
1595 0 9
1629 13 2
1631 15 10
203 3 3
232 22 14
236 12 8
249 24 24
257 7 7
289 0 22
299 16 11
301 6 0
302 10 11
303 24 7
305 7 17
309 18 3
319 16 10
333 15 2
342 14 4
35 7 14
355 11 9
382 7 4
383 4 24
386 12 10
388 11 21
394 2 14
413 15 11
432 22 5
436 6 22
464 3 24
466 13 1
467 6 12
469 15 14
475 20 8
477 12 9
484 23 8
4840 16 22
4841 20 24
4849 19 24
4851 3 8
4855 21 6
4856 23 6
4857 9 0
4858 14 3
4866 21 10
4876 11 22
4887 5 16
4890 14 17
4891 11 15
4892 14 21
4894 6 13
4904 5 15
4911 5 17
4914 8 18
4919 18 19
4923 20 4
4929 21 1
4936 1 15
4955 5 22
4958 23 19
4959 21 8
4976 18 9
4997 20 0
5002 8 13
5003 10 6
5004 14 9
5006 13 14
5015 6 24
5021 8 19
5022 12 15
5024 8 12
5036 20 5
5037 16 4
5038 4 12
5039 16 2
5040 11 8
5058 18 0
5061 16 14
507 9 24
5072 5 14
5073 13 16
5076 15 13
508 10 13
5094 5 10
5095 13 6
5096 15 17
5098 18 12
5100 12 12
5111 5 9
5118 7 16
5120 9 21
5121 9 9
5130 10 9
5133 18 6
5134 14 12
5150 22 6
5151 2 1
5154 6 4
5156 20 12
5157 14 5
5158 7 5
5169 24 23
5177 20 7
5178 7 6
5180 18 10
5191 8 16
5194 15 18
5195 12 16
5196 13 5
5197 9 13
5207 0 23
5209 4 6
5210 0 3
5213 15 6
5222 20 23
5227 10 3
5228 9 7
5229 7 8
5237 11 0
5240 8 8
5243 13 8
5258 8 7
526 24 0
5270 14 6
5276 0 8
5295 4 5
5302 11 7
5305 14 0
5312 8 4
532 24 10
5329 9 10
5330 10 10
5331 13 18
5342 21 11
5353 19 8
5356 15 12
5358 13 15
5368 10 17
5383 6 17
5388 16 19
5398 22 1
5401 6 16
5412 4 4
5415 9 6
5416 21 23
5421 6 3
5432 6 23
5435 12 3
5436 0 5
5448 17 15
5453 15 15
5471 11 11
5472 16 15
5473 18 11
5476 13 17
5498 1 4
5503 13 13
5504 7 12
5521 23 22
5523 2 9
5524 18 4
5528 14 7
5529 19 2
5547 11 16
5550 16 12
5568 6 9
5570 17 13
5571 8 17
5572 12 17
5573 14 11
5574 8 10
5575 10 12
559 3 12
5590 17 19
5598 0 1
5600 13 3
5613 14 20
5615 9 18
5617 12 14
562 15 4
5635 16 18
5636 9 17
5640 9 3
5641 8 11
5643 6 15
5644 17 18
5658 15 20
5661 8 0
5668 3 9
5675 10 7
5681 1 3
5682 5 3
5698 11 3
5699 16 5
5701 17 2
5703 8 21
5719 17 5
5720 21 3
5721 5 24
5723 10 8
5724 12 7
5725 8 14
5730 13 4
5741 12 19
5743 18 17
5744 10 19
5756 20 13
5759 16 17
5765 17 12
5766 14 10
5767 12 11
5776 12 1
5780 9 11
5788 11 13
5789 16 13
5790 13 11
5795 16 20
5806 7 18
5807 5 13
5808 12 20
5816 10 20
5826 20 3
5833 24 12
5836 11 12
5838 9 1
5848 12 5
5858 20 6
5860 5 12
5861 2 10
5863 19 3
5865 24 8
5876 12 22
5891 12 13
5892 7 13
5901 9 12
5902 4 17
5905 24 20
5919 4 13
5921 11 4
5922 15 5
5923 18 5
5924 8 9
5925 16 7
5947 10 14
5949 12 18
5952 13 12
5972 5 4
5973 19 0
5974 15 3
5975 12 6
5979 24 19
5989 8 24
5993 21 18
5995 22 17
60 14 8
6010 7 10
6014 8 15
6023 11 20
611 14 13
641 24 9
642 3 23
645 0 21
666 8 5
69 10 24
692 11 10
696 17 16
697 24 4
698 1 6
70 6 7
730 17 14
732 10 15
734 17 10
752 9 19
757 24 17
759 11 2
807 22 3
812 10 18
825 4 0
827 13 19
833 24 5
862 8 22
866 18 7
869 22 22
872 5 23
878 11 6
895 13 24
899 9 2
906 16 8
907 13 10
908 21 0
909 3 2
942 15 16
946 19 15
950 18 8
961 21 21
97 7 20
978 3 10
979 18 1
980 16 3
981 4 7
n_n1011 8 20
n_n1019 2 0
n_n1020 9 14
n_n1025 1 13
n_n1026 11 18
n_n1037 14 16
n_n1045 20 11
n_n1059 17 11
n_n1070 5 7
n_n1081 3 22
n_n1083 6 1
n_n1091 10 5
n_n1093 20 9
n_n1117 18 13
n_n1118 20 15
n_n1121 14 14
n_n1144 19 5
n_n1145 18 14
n_n1147 4 20
n_n1164 1 2
n_n1217 4 9
n_n135 21 5
n_n1369 3 6
n_n137 12 4
n_n139 7 11
n_n241 9 15
n_n324 10 16
n_n385 19 6
n_n397 7 15
n_n593 9 8
n_n597 6 10
n_n663 6 6
n_n91 22 10
n_n939 6 14
n_n947 0 24
n_n953 3 17
n_n955 17 24
n_n968 7 19
n_n970 16 16
n_n971 19 13
n_n974 17 9
n_n976 15 9
n_n977 24 15
n_n987 1 21
n_n993 10 21
