1001 49 39
1002 25 13
1003 38 15
1005 15 39
1006 31 41
1007 32 70
1009 70 47
1011 34 64
1012 36 17
1013 14 24
1016 45 60
1017 51 47
1019 15 54
1021 57 49
1022 56 58
1024 52 14
1026 7 48
1027 63 19
1028 56 42
1029 6 28
1030 33 7
1031 65 7
1034 28 62
1035 33 64
1037 58 36
1040 52 53
1041 18 39
1044 57 30
1045 4 70
1047 50 54
1049 34 24
1050 50 56
1052 54 45
1054 51 30
1055 60 25
1056 35 35
1058 44 69
1061 33 67
1062 60 18
1065 31 13
1066 15 16
1068 14 70
1069 37 32
1070 25 36
1071 34 25
1072 8 50
1073 53 66
1074 33 47
1075 40 53
1076 41 14
1078 55 26
1080 39 29
1081 39 54
1083 20 22
1084 38 32
1085 27 13
1088 34 57
1091 2 60
1093 37 57
1096 42 59
1098 19 39
1099 44 1
1101 16 16
1102 37 41
1103 17 1
1104 17 19
1106 29 51
1108 39 16
1109 40 63
1110 29 50
1111 47 18
1113 26 26
1114 45 42
1115 27 27
1116 58 19
1117 60 21
1120 40 57
1121 49 8
1124 12 0
1125 30 13
1126 62 6
1127 42 55
1128 45 12
1129 53 48
1130 26 57
1132 45 15
1133 59 30
1134 40 44
1141 63 26
1142 16 69
1143 46 50
1145 10 51
1146 16 67
1147 8 28
1155 64 58
1159 12 54
1160 52 58
1164 47 39
1165 4 48
1166 53 58
1168 10 53
1169 7 23
1172 67 63
1173 57 64
1174 66 49
1175 44 48
1176 50 34
1179 52 9
1180 28 39
1183 42 10
1184 52 13
1185 70 40
1186 47 8
1188 51 11
1189 69 40
1190 42 9
1193 47 13
1194 47 14
1203 42 33
1204 28 34
1211 44 56
1212 46 57
1214 43 26
1217 23 34
1221 35 36
1229 59 58
1231 56 55
1234 1 42
1243 37 64
1245 39 60
1246 22 35
1247 35 37
1249 15 67
1253 30 52
1258 25 21
1259 34 20
1260 41 44
1261 41 41
1263 47 38
1265 50 29
1266 13 30
1267 6 62
1268 45 62
1269 38 18
1272 49 49
1274 55 31
1276 44 35
1277 61 68
1278 24 70
1279 41 43
1281 23 17
1282 52 37
1283 19 35
1287 16 13
1291 29 52
1292 58 44
1293 40 37
1294 18 64
1297 34 62
1299 56 33
1303 36 31
1307 5 1
1308 54 31
1311 5 49
1314 51 41
1317 60 15
1319 57 11
1320 27 36
1323 16 48
1324 24 2
1325 43 11
1326 69 32
1327 22 3
1329 18 47
1330 17 36
1331 40 40
1332 57 29
1335 23 20
1336 38 20
1338 27 49
1339 21 48
1340 64 19
1342 1 9
1343 52 70
1344 67 40
1345 22 64
1346 46 10
1350 46 40
1351 57 44
1355 55 32
1359 65 36
1360 45 51
1361 54 58
1362 9 53
1363 45 63
1364 45 0
1366 64 56
1369 67 64
1377 40 49
1378 14 66
1383 36 14
1386 22 58
1397 26 49
1399 19 59
1400 26 61
1401 12 28
1405 54 34
1414 49 38
1421 48 42
1424 44 29
1426 50 23
1431 45 50
1432 59 59
1433 13 31
1434 43 51
1438 49 50
1442 52 63
1444 63 20
1456 43 28
1466 47 49
1476 58 57
1485 33 23
1486 34 0
1488 42 29
1491 36 23
1499 41 28
150 32 19
1502 44 53
1510 50 48
1512 46 27
1518 46 47
152 62 25
1537 51 28
154 35 22
1544 14 56
1545 46 63
1549 69 10
155 29 23
1551 53 26
1552 0 58
1553 44 33
1554 53 1
1556 65 57
1557 53 63
1559 3 63
1560 21 60
1573 19 57
1575 20 55
158 42 17
1599 54 60
160 19 30
161 24 64
1611 0 11
1624 18 57
1625 70 56
1626 26 62
1633 43 57
1639 42 22
164 22 20
1641 43 22
165 27 31
1665 51 57
1666 53 59
1673 0 54
1674 46 51
1675 58 58
1676 60 58
1678 10 50
1679 49 61
1696 43 53
1700 42 52
1706 42 53
171 30 18
172 37 56
1721 49 55
1738 16 60
174 21 22
176 15 56
177 55 21
1775 53 56
178 25 35
1781 52 30
1789 17 58
1792 43 21
1801 55 60
181 24 7
1815 51 56
182 30 20
1825 50 26
1834 51 26
1839 49 56
1847 41 56
185 63 31
1850 51 52
1862 11 70
1864 44 54
1868 47 52
188 13 70
1885 17 57
189 17 13
190 27 61
1900 46 52
191 69 18
1919 47 41
1922 47 32
1928 15 59
1929 50 25
1937 15 4
1949 52 38
1961 53 41
198 36 48
1989 15 61
199 32 50
1992 4 29
2003 18 20
201 32 33
2010 31 59
2022 22 42
2023 44 22
203 38 41
2037 56 54
204 12 67
205 36 56
2059 48 35
206 14 37
2069 44 16
208 45 22
211 56 37
2111 6 30
2112 6 31
2113 8 31
2115 15 11
2116 7 37
2118 7 35
2119 15 47
2120 8 57
2121 22 45
2122 33 32
2124 42 42
2126 20 48
2127 47 44
2128 53 46
213 32 51
2130 57 46
2132 40 31
2133 39 31
2134 55 45
2135 24 45
2136 46 31
2137 39 46
2138 19 46
2142 22 43
2146 44 2
2148 5 61
2149 57 40
2150 40 36
2151 32 59
2156 41 35
2157 2 68
216 35 10
2164 37 24
2165 40 20
2166 64 28
2167 32 37
2169 1 66
217 13 18
2170 41 33
2172 49 0
2173 35 42
2174 18 1
2175 1 33
2178 41 53
2180 28 37
2181 37 38
2182 38 17
2184 41 39
219 21 3
2192 28 14
2198 63 16
2199 47 31
2201 1 27
2202 21 1
2204 1 65
2205 42 39
2207 1 34
221 31 38
2216 62 13
222 68 1
2228 24 44
2230 21 36
2232 10 32
2235 35 41
2236 23 0
2237 63 17
2238 17 47
2243 22 36
2244 18 61
2245 46 65
2246 24 43
2247 11 32
2248 32 46
225 32 9
2250 34 41
226 41 57
2263 26 43
2264 35 1
2265 17 8
2268 11 3
227 26 59
2270 21 32
2272 26 42
2273 36 1
2274 42 0
2276 8 67
2278 68 29
228 29 6
2281 26 46
2282 23 50
2284 69 44
2285 3 32
2288 40 32
229 43 56
2290 59 63
2293 30 24
2294 23 63
2295 31 43
2296 48 8
2297 37 69
2298 40 26
230 37 19
2300 33 40
2301 20 42
2303 27 43
2304 31 42
2306 33 35
2307 26 34
231 43 55
2310 29 43
2313 64 29
2314 4 19
2316 38 1
2318 25 34
2330 46 66
2333 66 52
2336 3 68
2341 68 33
2349 12 57
2351 70 44
2353 37 55
2354 60 7
2356 28 42
2361 68 31
2363 25 42
2366 20 20
2367 14 12
2370 18 63
2371 20 36
2372 45 35
2376 10 31
238 67 3
2380 23 1
2381 17 31
2383 14 17
2384 26 36
2391 36 42
2398 33 42
2399 34 39
2411 22 50
2412 13 57
2413 37 58
242 44 52
2420 24 25
2421 62 58
2422 25 43
2424 36 6
2425 20 19
2427 35 60
2429 67 46
243 1 55
2430 24 42
2431 9 20
2432 42 1
2433 68 30
244 31 1
2440 34 14
2441 61 0
2447 57 37
2454 20 5
2458 1 16
246 35 46
247 32 13
2479 28 38
248 5 21
2480 29 46
2482 62 32
2483 68 43
2484 3 33
2487 58 63
249 27 54
2490 37 30
2491 69 31
2492 8 22
2493 46 3
2499 15 37
250 27 26
2507 22 1
251 46 45
2512 31 7
2526 67 50
2529 17 7
253 58 55
2531 19 19
2532 10 4
2534 62 28
2539 34 37
254 17 20
2541 0 45
2546 30 35
2553 31 30
257 69 19
258 55 47
2586 36 26
2589 57 12
2590 27 57
2592 20 45
2594 37 29
2596 20 34
2598 50 38
2599 51 37
2601 1 36
2602 15 70
2603 37 62
2605 34 29
2607 47 68
2608 26 5
261 43 35
2610 11 2
2612 36 29
2616 20 33
2618 35 28
2619 70 12
262 36 7
2621 68 21
2622 44 26
2624 35 29
2625 20 35
263 60 42
2630 25 28
2632 24 29
2633 69 37
2637 29 29
2638 2 26
2639 30 30
264 6 48
2641 32 17
2644 30 19
2645 3 16
265 50 4
2652 29 38
2653 21 54
2654 18 9
2656 65 20
2658 6 6
2659 9 67
266 14 69
2663 58 38
2666 29 59
267 28 18
2670 47 4
2672 18 8
2674 58 41
2691 35 55
2692 61 13
2693 43 16
2695 56 61
2697 43 45
2699 31 36
270 7 15
2702 36 65
2703 16 70
2705 29 48
2707 32 52
2709 19 45
2712 25 26
2713 61 14
2714 29 16
2715 30 45
2716 45 27
2718 17 23
2719 29 49
2720 31 52
2724 33 55
2725 21 70
2726 29 54
2727 21 9
2728 33 49
273 42 28
2730 21 42
2733 49 32
2734 2 27
2735 21 2
2736 22 0
2738 31 16
274 28 56
2741 0 34
2751 60 10
2752 6 2
2753 33 66
2754 28 35
2756 8 44
2757 0 16
276 29 13
2761 66 4
2763 25 45
2767 41 37
2769 48 21
2773 43 27
2774 55 37
2775 45 33
2778 8 43
2780 34 17
2781 45 30
2785 13 0
2786 19 53
2787 37 14
279 32 30
2791 5 9
2795 7 44
280 41 46
2801 42 32
2814 69 23
2815 27 45
2816 55 46
2818 54 46
2819 36 27
282 0 26
2820 38 45
2821 36 44
2822 58 12
2825 19 44
2827 18 45
2831 61 11
2832 19 34
2833 37 27
2834 33 56
2835 58 32
2837 0 36
2839 37 59
2843 59 32
2845 47 67
2846 25 5
285 17 40
2852 57 31
2855 37 21
2856 34 55
2858 14 34
2860 37 18
2861 57 32
2867 60 13
2868 19 33
2869 31 2
28694 17 68
28700 68 12
28702 67 12
28706 2 28
28743 65 12
28746 66 12
2875 58 31
28760 50 53
28762 65 26
28772 49 1
2878 48 46
28784 54 3
28787 54 5
28794 20 7
28800 24 6
28802 43 13
28807 61 5
28811 69 57
28830 39 12
28833 60 6
28838 56 5
28854 59 6
28859 28 0
2886 4 21
28865 59 5
28869 54 6
2887 5 70
28887 58 4
289 64 52
28909 5 50
28916 53 61
28926 32 63
28928 8 29
2893 38 30
2894 38 31
28948 0 40
28952 5 60
2896 36 25
28963 67 13
2897 38 44
28976 70 66
2899 27 56
2900 27 44
29008 16 65
2901 30 61
29012 0 0
29024 2 40
29028 39 18
29036 22 7
29050 31 15
29096 19 61
291 12 30
2910 37 51
29101 20 37
29105 39 14
29114 38 8
2912 61 12
2913 18 34
2914 1 37
2915 15 69
29156 22 63
29166 17 24
2917 44 45
29178 9 29
2918 48 68
29181 53 43
29185 68 66
29187 0 31
29205 11 35
29208 30 7
2921 10 2
2922 59 31
29230 33 3
2925 18 46
29261 7 36
29263 9 36
29272 35 70
29275 3 15
29278 70 67
2928 62 38
29287 5 58
29289 40 46
2929 33 10
29299 34 31
293 22 55
29302 35 0
29308 11 27
29314 9 69
29316 0 51
2932 39 70
29320 36 32
29322 1 29
2934 59 42
29374 11 26
2938 33 59
29396 19 65
294 68 41
2940 24 4
29404 35 63
29405 18 65
29417 22 65
2943 28 46
29453 15 20
29456 39 39
29461 24 24
29467 70 29
2947 5 34
2949 33 41
29499 10 24
295 40 19
2950 32 39
29505 54 70
29510 24 8
29513 11 69
29520 66 18
29522 19 25
2954 21 26
29542 10 7
2956 37 68
2957 32 35
2958 28 48
29596 43 34
29600 18 24
29642 44 17
2969 35 53
29697 57 41
29699 29 62
297 26 15
2971 18 35
29717 64 59
2972 24 28
2973 58 30
29750 17 30
29763 60 43
29765 27 1
29791 46 44
29795 57 1
29799 56 47
298 44 18
2980 27 3
29803 33 5
29815 52 12
29838 23 30
29843 2 30
29860 11 59
2988 7 22
29889 57 51
2989 70 7
29895 42 62
29899 67 4
29903 67 70
29911 67 59
29915 25 30
29919 0 49
29923 16 36
29927 63 33
29930 30 68
29935 55 59
29939 69 21
2995 0 42
29957 1 67
29959 26 58
29971 18 0
29976 52 36
29984 36 19
29991 58 59
29999 48 33
300 45 34
30001 64 70
30020 62 30
30029 55 53
3003 60 14
30040 55 57
3005 70 11
3006 44 27
301 28 19
3011 15 29
30110 56 59
30113 53 44
30114 70 27
30117 60 52
3012 16 14
30122 52 51
30137 64 31
30166 21 28
30168 47 33
3017 61 29
302 31 21
3021 21 4
3022 24 3
30237 16 46
3024 5 16
30241 70 5
30244 68 20
3026 31 57
30262 67 24
30266 3 60
3027 61 3
30276 12 69
303 36 64
30337 2 48
30349 65 70
3036 42 16
3037 43 17
30375 44 67
30385 4 14
30386 21 6
3039 28 64
30390 14 29
304 22 22
3040 19 42
30412 0 69
30427 70 17
30436 41 30
30456 25 0
3046 62 17
30491 13 33
30497 40 30
305 24 51
3050 8 59
3051 65 17
30517 15 18
30550 70 20
30556 58 66
306 24 50
3069 36 33
30707 40 29
30709 31 8
30719 39 7
30720 39 25
30721 0 20
30722 35 16
30750 56 10
30760 44 31
30763 39 64
30772 63 0
30775 53 6
30796 19 29
308 25 14
30813 2 15
30823 13 2
30833 64 67
30839 62 20
3084 50 47
30841 11 63
30846 55 61
30888 48 70
30916 40 67
30949 51 67
30950 51 25
30956 53 21
30985 59 24
310 0 3
31059 62 4
31091 69 0
311 35 15
3116 8 19
31163 6 66
31164 60 8
3117 56 46
31177 43 40
31185 48 64
31189 67 57
31190 3 20
31193 3 23
31201 10 70
31205 52 69
3121 23 31
31212 1 24
31213 43 1
3122 19 28
31220 60 62
31221 45 3
31225 9 54
31233 15 46
31256 3 48
31267 33 11
31271 13 43
31275 0 35
31279 70 6
31283 37 0
31291 7 38
31298 12 45
31299 4 22
31303 15 5
31311 15 41
31315 4 65
31342 21 53
31354 19 21
31357 9 60
31361 58 50
31365 63 59
31373 29 67
31381 59 39
31385 12 38
31389 0 60
31393 9 31
314 48 14
31401 14 20
31405 65 2
31436 21 8
31443 46 5
31447 40 61
31452 49 63
31459 16 24
31463 53 25
31469 19 43
31471 66 39
31479 50 0
31487 68 70
31491 25 65
31495 39 68
315 32 12
31529 66 41
31534 5 33
31537 16 40
31541 68 47
31548 57 70
31552 5 31
31553 5 35
31561 39 19
31569 70 41
316 53 34
3160 32 56
31600 9 40
31603 6 43
31607 9 5
3161 33 33
31611 7 57
31612 3 50
31615 38 68
3162 60 11
31627 42 70
3163 66 0
31634 7 43
31635 36 0
31642 23 26
31643 16 63
3165 33 57
31655 37 45
3167 34 34
31681 0 63
31685 18 60
31689 14 49
3169 44 64
31693 15 12
317 37 15
31701 25 12
31705 68 15
31709 70 57
31715 13 47
31717 22 2
31721 3 13
31725 14 25
3173 45 29
31733 65 60
3174 31 37
3175 28 40
31765 11 22
31771 33 69
31775 2 19
31782 5 17
31783 42 50
31791 7 0
31795 9 42
31799 7 19
318 58 35
3180 17 14
31806 22 57
31807 12 18
3181 36 35
31819 9 19
31872 21 7
31879 66 50
31887 17 38
31888 33 43
31889 8 8
319 64 5
31917 33 48
31925 13 23
31931 62 26
31933 40 50
31951 42 68
32000 0 53
32017 5 5
32022 59 34
32058 62 15
32072 60 64
32073 22 62
32074 38 13
32086 63 32
321 46 15
32150 45 64
32157 40 70
32192 40 43
32197 66 37
322 48 15
32214 5 27
32224 60 66
32238 4 12
32246 54 24
32269 43 0
32273 56 66
32278 24 56
32299 69 55
32339 30 43
32351 3 26
32361 15 45
32366 66 9
32370 11 13
32374 3 0
32385 31 23
32386 19 6
32415 36 46
32416 34 56
32420 11 64
32440 47 35
325 63 58
32516 70 13
32519 63 64
32523 31 40
32534 44 6
32550 18 3
3257 65 64
3258 65 45
32584 55 8
32588 51 51
3259 63 54
326 54 66
3260 58 51
32600 43 60
32609 38 54
3261 64 46
32612 60 44
32618 22 68
32626 17 51
3263 49 66
32630 17 6
3264 65 46
3265 63 56
32656 10 54
32666 16 66
32683 48 7
32686 29 19
32715 70 61
32723 34 70
32729 0 32
32732 39 32
32745 27 24
32763 47 66
32774 57 38
32778 65 61
32785 59 0
32787 40 21
32796 8 39
328 55 36
32804 16 53
32807 65 28
3281 14 1
32810 0 67
3284 15 3
32840 49 70
32842 70 62
32844 66 68
3285 15 0
3286 39 59
3287 14 3
329 29 26
3292 0 6
3293 15 2
32935 64 37
32937 67 49
3294 15 1
3295 8 0
32959 21 10
32994 56 63
33013 67 47
33017 65 37
33077 66 36
33079 69 22
33083 37 9
331 32 16
3314 47 40
33161 23 42
33163 60 31
332 29 24
33241 4 23
33266 35 64
33277 27 4
333 38 7
33313 70 18
33314 16 5
33324 42 5
33349 48 16
33351 38 49
33363 17 10
33371 0 25
33373 41 6
33396 1 57
33397 37 66
334 35 34
33407 47 1
33413 67 23
33417 6 11
33432 34 61
33454 65 62
3347 27 70
33474 23 53
33485 7 10
335 49 37
3351 30 69
3352 47 17
3353 28 70
33534 63 62
3355 32 0
3356 27 69
33560 69 50
33561 13 3
33569 63 9
3357 30 70
33579 62 62
33594 10 15
33631 36 50
33641 0 57
33663 54 33
33677 63 11
33683 70 26
33699 15 19
3370 30 60
3371 32 58
3372 40 60
3374 34 58
33741 28 16
33746 13 68
3375 11 46
3376 32 60
3377 33 58
33780 63 66
33786 68 14
33790 13 27
338 30 22
3380 31 58
33807 45 69
33809 62 66
3381 36 45
33827 66 24
33866 1 45
33867 8 2
33869 8 18
33878 46 30
339 29 22
33912 4 45
33913 4 4
33922 52 46
33923 36 16
33936 60 70
33953 28 7
33957 69 7
33966 0 4
3397 35 67
3398 34 68
3399 40 51
340 34 43
3400 36 66
3401 35 69
34012 11 49
3402 70 64
34021 65 67
3403 35 66
3404 35 68
34042 60 38
34062 22 34
34064 24 54
3408 7 70
34092 19 37
341 59 53
34103 16 15
34110 61 62
34112 19 0
34131 62 67
34136 37 61
3418 48 58
34183 61 67
3419 48 54
3420 64 64
3421 47 58
3423 36 3
34237 61 42
3424 47 56
3426 65 38
34264 23 36
3427 47 57
34274 62 70
3428 48 56
34345 16 49
34357 43 19
34366 68 50
34371 63 61
34375 42 6
34378 45 54
34387 47 60
34396 44 0
34399 55 70
344 33 52
34413 59 35
34415 37 53
34443 43 6
34485 1 28
34486 61 52
34489 47 22
3449 39 61
345 48 27
3451 38 64
3452 36 61
3454 35 61
34550 20 51
34559 30 21
34561 52 32
3457 38 62
34586 8 13
3459 6 50
34595 66 70
34601 66 33
3461 26 23
34619 27 6
34623 43 4
34645 9 61
34648 35 17
34674 11 65
34681 6 0
347 46 18
34731 19 13
34735 62 43
34745 64 50
34747 16 37
34760 60 3
3479 65 63
3480 27 65
3481 26 66
3482 37 2
34823 63 12
34828 53 42
3483 27 66
34841 20 32
3486 28 65
34864 8 1
3487 30 66
34872 62 7
34886 39 66
349 15 68
34979 11 34
35024 45 43
35030 56 60
3504 5 63
35050 2 0
35052 52 61
35053 59 57
3506 1 54
3507 64 0
35079 45 58
35081 23 69
351 43 62
3511 27 48
3515 20 46
3516 17 37
35168 47 23
3517 21 47
3518 33 8
35180 4 38
35182 45 66
352 49 45
35218 54 55
3522 17 46
3523 45 47
3524 33 51
35242 41 60
35248 36 49
3526 45 46
35278 70 8
3529 47 47
353 28 58
3531 46 46
3535 31 45
35379 22 52
3538 31 46
3539 5 62
354 41 38
35426 48 60
3546 32 54
35487 26 44
35489 67 68
3549 23 62
35490 60 48
355 44 34
3550 24 46
3551 47 46
35514 45 31
35524 14 53
35526 58 70
3553 31 62
3555 34 30
3556 35 30
3557 24 23
3558 58 42
3559 29 34
356 28 15
35619 4 62
35645 9 26
35650 6 27
35657 10 26
35673 7 27
3568 61 38
35694 16 45
357 40 56
3570 64 16
3572 3 31
3578 37 54
3579 42 61
358 40 58
3580 64 15
3581 1 59
3588 36 30
3589 37 34
3590 20 69
3591 21 66
3593 17 66
3594 66 21
3595 37 43
360 23 70
3602 35 33
3604 26 22
361 51 42
3612 47 59
3615 24 22
3617 2 31
3618 3 30
3619 39 44
362 6 26
3628 61 15
3629 36 53
363 45 18
3630 1 58
3631 1 60
3635 37 44
3638 26 50
364 44 19
3642 37 52
3643 26 55
3646 40 39
3647 49 46
365 44 55
3650 15 64
3651 59 44
3652 67 69
3653 20 70
3656 59 45
366 9 27
3660 54 47
3665 41 51
3666 20 47
367 63 49
3672 59 40
3679 58 40
368 49 33
3680 10 68
3682 68 63
3686 19 14
3687 59 43
369 45 52
3691 56 8
3693 59 36
3696 11 30
3698 36 40
3713 56 52
3716 35 59
3717 39 62
3718 45 44
372 27 59
3727 49 48
3728 63 10
3729 42 48
373 39 38
3730 49 62
3732 21 40
3736 45 9
3737 21 45
3738 44 44
3739 30 51
374 12 64
3740 44 40
3744 28 51
375 13 64
3752 49 47
3753 17 49
3754 6 13
3756 25 60
3757 65 24
376 23 24
3762 38 57
3766 54 52
3767 46 58
3769 36 59
3771 54 41
378 45 21
3781 22 37
3782 20 62
3785 62 10
379 37 16
3791 22 51
3792 23 57
3795 45 10
3797 38 48
380 36 63
3801 17 63
3802 21 41
3804 38 61
3805 55 40
3808 2 1
381 28 50
3810 65 25
3812 19 63
3813 21 37
3815 21 61
3816 54 40
3818 41 48
382 48 53
3828 1 12
3829 28 29
383 55 38
3832 41 19
384 21 21
3843 21 44
3845 24 57
3847 23 51
3849 28 60
3850 48 36
3857 70 69
3859 69 24
386 21 46
3865 5 47
3867 11 14
3868 23 14
387 29 53
3872 18 14
3875 21 35
3876 21 49
3878 11 47
3879 23 67
388 7 34
3881 27 46
3882 69 36
3884 62 65
3885 38 24
3886 18 31
3887 10 25
389 20 41
3892 24 38
3893 62 64
3895 2 51
3897 7 50
3898 21 43
3899 39 36
3900 38 37
3902 70 36
3905 28 28
3906 33 21
3914 8 46
3916 62 1
3919 42 60
392 17 5
3927 12 3
393 7 21
3930 7 13
3934 5 15
3935 68 39
3936 38 14
394 19 7
3940 20 61
3941 19 62
3942 28 57
3943 52 26
3944 55 33
3945 59 68
3947 29 41
3948 30 37
395 54 63
3953 9 47
396 41 64
398 56 56
3983 55 52
3987 40 62
3988 27 30
399 5 48
3991 62 0
3998 4 1
4000 41 42
4001 47 0
4002 45 70
4004 10 29
4017 21 39
4018 17 62
4019 38 60
402 58 52
4020 23 41
4021 17 48
4023 54 48
403 36 36
4036 53 28
4039 70 46
4040 0 9
4045 12 47
405 27 17
406 49 15
4063 59 41
4064 25 27
4067 13 60
4069 59 15
407 49 14
4070 36 38
408 23 16
4089 41 47
409 22 15
4095 22 49
4098 5 18
410 70 42
4102 38 34
4103 30 31
411 25 41
4111 22 16
4112 1 10
4113 65 53
4117 49 2
4118 51 2
412 45 28
4122 3 52
4123 65 54
4124 1 13
4125 40 66
4126 35 7
413 24 40
4132 14 64
4133 20 14
4136 0 61
4138 50 2
414 27 11
415 45 2
4151 0 62
4153 21 50
4154 60 22
4155 22 30
416 26 68
4160 6 20
4161 60 26
4162 11 68
4164 3 6
4165 38 35
4166 39 34
4167 42 31
417 14 0
4171 18 13
4172 61 19
4176 2 55
4177 40 47
4179 61 20
418 48 0
4181 11 33
4182 29 58
4183 29 3
4184 70 59
4189 25 33
419 30 9
4194 2 54
4195 60 24
4197 38 40
4202 39 35
4205 39 26
4206 13 51
4207 60 33
4208 68 69
4209 22 39
4211 35 5
4213 60 20
4214 3 58
4216 23 38
4217 2 6
422 60 0
424 25 52
4240 17 35
4241 57 42
4243 66 65
4245 24 47
4246 32 62
4249 35 31
4250 24 21
4252 41 40
4256 31 44
4257 23 59
4259 37 23
426 32 1
4261 26 56
4262 27 55
4263 30 23
4264 34 52
4265 32 45
4267 26 60
427 27 52
4275 10 28
428 25 40
4287 36 43
429 27 50
4293 7 55
4299 21 34
4301 31 50
4302 2 37
4303 52 48
4304 2 34
4305 18 6
4306 2 32
4308 40 41
431 9 28
4318 18 33
4319 35 27
432 30 11
4330 64 14
4331 36 54
4335 43 61
4339 39 40
4343 2 12
4347 40 48
435 3 10
4351 36 37
4352 12 46
4356 18 36
4358 51 48
4359 19 69
436 19 58
4360 18 66
4369 67 35
437 32 49
4370 21 23
4371 0 5
4375 57 18
4376 11 52
438 46 19
4380 49 52
439 70 19
4407 31 51
4408 12 4
4409 38 51
441 8 69
4410 52 42
4415 38 65
442 27 60
4422 36 55
4423 61 40
4424 54 2
4426 21 64
4431 33 28
4435 24 61
4439 66 28
4445 24 59
4463 23 48
4465 48 59
4466 53 2
4471 37 65
4472 38 66
4473 24 20
4476 25 16
448 39 33
4494 70 24
4503 12 48
451 37 40
4519 3 51
452 27 47
4520 52 2
4523 21 63
4525 24 19
453 49 41
4530 37 36
4546 24 17
4547 24 58
4548 61 16
4549 24 18
455 26 11
4552 58 61
4558 8 40
456 27 68
457 53 27
4581 9 30
4582 24 49
4584 25 19
4585 24 27
4589 52 0
4590 32 67
4592 24 67
4593 9 14
4595 9 24
4597 25 18
4598 10 14
460 69 30
4601 1 25
4602 25 67
461 50 60
4615 12 43
4616 13 45
4617 10 44
4620 13 44
4621 11 44
4625 11 42
4626 20 23
4627 12 44
4628 12 42
4629 11 43
4630 11 41
4632 1 23
4633 1 22
4635 3 29
4637 2 21
4638 3 24
4641 0 22
4643 13 4
4644 2 23
4645 2 22
4646 2 24
4647 4 20
4651 1 52
4653 34 7
4655 37 31
466 31 19
4661 6 41
4662 6 40
4663 6 42
4664 21 57
4666 7 40
4667 7 42
467 12 58
4670 5 40
4672 2 58
4673 7 41
4674 7 39
4675 8 42
4676 10 41
4687 53 29
4690 11 37
4691 13 37
4692 9 37
4695 11 40
4696 12 36
4700 5 36
4701 21 55
4702 12 37
4703 11 38
4704 10 36
4705 10 40
4707 23 44
4708 23 45
4709 20 43
471 12 20
4710 70 14
4712 22 47
4713 18 43
4716 23 46
4719 22 44
472 0 14
4720 22 46
4721 18 44
4722 18 48
473 40 33
4738 13 49
4739 13 50
474 24 15
4740 15 51
4741 22 70
4743 14 50
4744 15 49
4748 13 48
4749 13 29
475 4 16
4750 14 48
4751 14 47
4752 15 48
4753 14 42
4755 56 16
4757 3 17
4758 0 18
4759 4 17
476 20 50
4760 64 49
4762 2 18
4763 6 17
4764 5 28
4766 1 18
4768 1 39
4769 3 18
4770 2 17
4771 4 18
478 10 27
479 7 47
480 38 70
481 19 8
482 42 57
4836 18 42
484 9 50
4846 13 38
4865 56 15
4867 6 23
4868 54 15
4869 49 29
487 53 49
489 36 39
4910 23 15
493 67 58
4933 4 31
4934 4 33
4935 4 30
4936 54 8
4938 8 32
4939 5 32
4943 5 30
4944 70 58
4945 4 32
4946 7 33
4947 7 32
4948 4 36
4965 17 39
4969 32 10
497 6 33
498 15 17
4981 30 65
4984 6 63
4986 8 23
4993 39 30
4997 13 41
4999 12 39
5001 25 24
5008 22 31
501 32 57
5010 23 11
5016 38 28
5018 35 26
502 35 38
5023 42 30
503 33 34
5031 43 30
5045 28 54
5046 6 5
5047 61 17
5048 47 24
505 55 2
5050 67 28
5051 35 20
5052 59 22
5053 58 9
5054 52 18
5055 57 20
5058 39 28
5059 49 25
506 48 28
5064 34 18
5066 48 23
5073 46 22
508 27 19
5081 43 31
5089 50 59
509 56 70
5090 11 66
5091 70 52
5092 16 31
5093 8 12
5095 62 23
5096 28 22
5097 41 23
5098 57 59
510 69 34
5101 0 15
5102 14 18
5107 12 27
5109 40 23
5110 63 22
5111 59 9
5112 70 22
5113 22 23
5114 50 69
512 55 55
5128 62 34
5129 6 38
513 26 54
5131 46 23
5135 41 31
5136 56 25
5138 28 24
5139 19 47
514 53 0
5140 23 33
5145 12 40
5146 12 41
5147 68 53
5149 10 20
515 8 37
5150 1 15
5151 62 22
5152 56 32
5154 41 36
5156 17 25
516 8 38
5160 37 22
5172 55 10
519 3 62
5199 32 21
5200 34 22
522 50 30
524 69 43
525 19 49
5253 28 53
526 25 46
5261 49 26
5262 49 24
5263 6 4
5266 54 42
527 6 7
5271 57 13
5274 58 20
5276 45 23
5279 65 21
528 25 31
5285 54 0
5287 49 7
5289 38 23
529 11 31
530 26 47
5300 35 13
5301 50 17
5302 53 18
5303 56 18
5304 35 19
5305 58 24
5308 48 24
531 10 43
5310 59 16
5311 60 17
5314 54 30
5317 50 21
5318 56 12
532 0 70
5328 49 6
533 34 38
5332 32 24
5342 31 25
5343 50 18
5345 56 22
5347 59 23
5348 59 21
535 10 0
5350 54 36
5353 25 22
5357 30 12
536 10 33
5364 39 24
5375 54 14
538 38 29
5394 70 10
5395 0 64
5397 50 19
5399 32 20
5401 47 12
542 44 50
543 60 32
5431 32 25
5432 49 18
5433 53 23
5434 56 19
5435 35 18
5437 52 25
5438 48 30
544 60 35
5440 49 23
5441 46 21
5442 46 29
5444 54 43
545 56 29
5456 27 12
546 65 35
5461 33 26
5466 43 24
5468 41 12
5473 44 7
549 27 67
5492 2 70
5493 49 17
5497 39 11
5515 51 18
5516 61 23
5518 52 20
552 42 19
5520 55 19
5522 62 19
5524 22 11
5525 56 2
5529 39 20
553 9 11
5533 53 19
5534 33 25
5536 56 21
5537 52 19
5538 55 23
555 1 56
5552 45 14
5576 55 14
5580 40 10
561 52 35
5617 56 20
5619 49 19
5620 49 21
5624 63 21
563 36 13
5634 40 11
5646 40 7
565 25 57
5656 33 13
5657 58 23
5658 54 17
5662 52 22
5663 54 44
5664 62 21
5667 64 21
5668 57 21
568 44 51
570 48 49
5711 55 15
572 35 12
573 35 44
575 29 28
576 30 27
577 30 28
5775 44 9
578 31 35
579 32 29
580 30 29
581 18 7
582 25 48
583 63 14
584 36 8
586 34 15
587 34 53
588 48 22
5897 52 11
5899 57 10
591 68 2
593 43 63
5932 49 10
5933 50 11
5936 53 13
5954 15 43
5956 14 45
5958 14 44
5960 0 47
5963 26 2
5972 62 39
5974 66 48
5975 9 65
5976 14 33
5978 24 32
5981 29 33
5982 51 33
5985 70 0
5988 12 31
5993 35 39
5996 50 58
600 26 51
6000 30 53
6001 31 20
6005 28 31
6008 59 25
601 40 25
6010 17 33
6015 27 34
6016 16 32
6017 30 32
6019 27 33
602 67 15
6020 13 36
6023 67 48
6029 56 50
6033 4 46
6035 36 18
6036 47 26
604 39 56
6040 42 47
6044 51 50
6045 44 11
6047 52 47
6048 55 50
6049 33 12
6051 56 45
6057 44 36
606 44 57
6060 22 28
6062 56 48
6065 27 29
6067 12 50
6071 32 32
6073 32 36
6080 48 29
6083 49 57
6084 30 54
6087 32 6
6088 61 25
6093 21 27
6094 59 29
6095 64 47
6096 38 11
6099 31 29
610 26 53
6100 57 25
6103 16 25
6108 30 36
6113 51 49
6114 44 14
6119 28 23
6122 34 19
613 26 45
6131 47 34
614 65 59
6142 51 46
6144 44 13
6146 53 47
6147 55 51
615 60 50
6150 56 44
6158 42 36
616 44 61
6160 42 38
6161 31 18
6162 48 26
6165 56 38
617 70 48
6174 59 47
6175 47 70
6176 43 49
6177 45 38
6178 58 48
6179 6 65
618 61 50
6180 33 6
6181 43 37
6182 44 37
6184 53 16
6186 0 17
6188 22 29
6192 35 43
6193 12 2
620 4 15
6205 38 22
6206 45 36
6207 46 38
6208 25 49
6209 52 28
621 30 10
6210 46 39
6211 26 21
6218 28 44
6222 64 36
6224 8 65
6225 12 32
6226 24 31
6227 47 28
6228 47 29
6229 32 34
623 21 58
6231 31 14
6233 57 45
6235 14 30
6238 50 33
6244 68 10
625 33 0
626 0 10
6267 51 68
6268 46 54
6269 44 38
627 47 62
6273 46 59
6275 56 35
6291 45 25
6292 30 55
6294 26 30
6295 55 67
6297 47 25
6302 56 53
6304 18 25
6305 39 52
6308 55 35
6309 26 0
631 27 37
6312 58 27
6313 15 28
6314 25 6
6315 61 47
6317 57 28
6319 43 38
632 37 39
6320 37 37
6321 32 14
6322 56 64
6324 56 28
6325 28 27
6326 62 47
634 67 41
6340 0 56
6342 68 42
6343 27 41
6347 56 57
6349 29 40
635 2 33
6350 51 43
6351 7 63
6353 27 42
6357 29 42
636 4 50
6360 6 54
638 33 63
6389 66 3
6390 27 20
6391 51 0
6393 27 40
6395 44 70
6396 68 36
6398 59 26
6399 32 53
640 68 32
6401 36 5
6402 56 27
6403 39 37
6405 28 41
641 25 39
642 39 51
643 69 33
644 24 36
645 70 33
646 67 32
649 38 59
6498 20 24
6499 29 56
650 20 39
6501 46 25
6502 21 31
6503 54 67
6504 32 5
6505 30 33
6506 30 0
6507 51 34
6509 44 15
651 44 49
6510 31 39
6512 22 26
6513 21 25
6516 31 33
652 48 67
6523 46 43
653 10 3
654 7 54
655 44 25
6556 15 57
656 11 57
6561 34 49
6569 45 24
657 69 29
659 5 20
660 0 30
661 53 33
6612 16 55
6625 18 26
6626 66 46
6627 17 28
6629 63 47
663 8 14
6630 15 27
6635 40 17
6640 62 46
6643 44 39
6648 22 27
665 54 28
666 54 32
6662 16 56
668 0 29
669 24 0
6691 31 55
6703 18 50
671 61 64
672 59 62
673 23 29
6731 57 27
674 60 30
675 5 2
6762 16 64
677 64 60
6771 65 43
6774 35 56
6775 18 49
6777 70 15
6779 44 68
678 36 15
6780 31 48
6781 30 48
6783 34 48
6785 35 48
6787 9 59
679 16 0
6792 41 24
6795 6 32
6797 6 35
6798 8 30
6800 6 36
6802 6 37
6803 7 31
6806 8 27
6808 53 36
681 8 47
6812 38 69
6817 42 41
6818 0 24
6819 61 39
682 63 44
6820 2 47
6822 13 24
6823 42 40
6824 40 2
6825 42 26
6826 0 46
6827 13 25
6833 1 47
6836 41 0
6837 64 26
6846 61 48
6859 43 46
686 53 57
6860 36 28
6861 22 9
6862 36 69
6863 10 1
6864 11 48
6866 19 38
6869 44 46
687 60 19
6870 21 38
6876 13 28
6878 11 11
688 14 67
6880 42 46
6881 9 16
6884 36 12
6886 37 28
6887 4 26
6888 36 70
6890 36 11
6891 9 1
691 41 9
6910 64 25
692 27 7
6920 20 8
6923 34 63
6926 19 50
6927 36 9
693 1 70
6931 34 65
6936 61 49
6938 63 4
694 45 20
6940 66 23
6946 40 15
6949 39 15
6950 37 7
6951 37 8
696 34 12
6962 37 48
697 4 68
6970 61 37
6971 68 49
6979 21 18
698 11 51
6981 29 18
6982 45 1
6983 22 18
6984 21 19
6986 22 19
6987 60 46
6988 28 17
699 64 20
6991 20 18
6995 34 9
7006 22 54
7007 43 7
7009 41 15
7011 41 18
7012 29 11
702 43 59
7024 27 14
703 45 57
7032 26 10
704 70 2
7042 29 9
7048 9 34
7049 20 64
705 24 34
7050 5 59
7051 7 28
7054 20 63
7055 13 62
706 47 15
7061 29 5
7065 31 49
7067 10 49
7069 9 32
707 69 1
7070 32 64
7071 0 33
7074 4 28
7075 16 50
708 17 4
7080 59 4
7081 60 4
7083 60 5
7085 58 5
7088 57 5
7089 26 24
7093 49 3
7094 56 3
710 46 0
7100 62 5
7102 69 38
7103 70 38
7107 61 6
711 68 18
7111 57 7
7112 70 39
7116 57 8
7120 26 25
7125 56 6
7129 64 11
7130 57 6
714 20 25
7159 65 15
7160 66 15
7162 66 14
7164 65 13
7165 66 13
7166 65 14
7170 65 10
7171 66 11
7173 65 11
7175 59 13
7176 67 11
7181 66 10
7184 68 11
722 70 16
723 30 67
724 54 1
725 7 26
728 33 20
729 36 34
730 28 59
731 33 70
733 50 37
734 28 20
735 40 38
736 27 22
737 27 0
738 64 57
742 38 38
743 34 40
744 10 30
745 0 38
749 25 47
750 62 14
753 43 42
754 29 47
755 45 19
757 31 65
758 25 51
759 25 70
760 25 69
761 40 35
762 41 45
763 19 48
765 20 52
772 58 56
773 13 58
775 25 64
777 20 16
778 18 19
780 59 56
781 57 56
782 50 24
783 59 55
785 39 53
786 48 38
787 50 40
789 6 12
790 4 56
795 29 21
798 60 55
799 68 0
800 6 70
801 14 5
802 70 3
803 70 28
804 70 1
805 28 45
807 32 11
809 0 68
810 41 70
811 65 44
814 46 13
816 38 16
817 51 24
818 61 60
819 30 42
820 25 55
821 40 22
822 29 64
823 50 51
824 70 50
825 34 26
827 18 68
828 21 33
830 7 29
831 39 57
832 9 13
833 4 27
834 46 12
835 52 45
837 56 36
838 34 51
839 51 6
840 47 16
841 14 68
842 54 53
844 16 43
845 10 64
846 57 62
848 59 69
850 30 25
851 56 7
852 4 9
853 7 25
856 26 13
858 1 41
859 23 25
860 42 54
861 39 49
865 33 18
869 32 43
870 38 39
872 25 17
873 20 65
875 39 23
876 39 17
877 15 55
878 14 55
879 44 32
881 49 16
882 50 16
883 50 15
885 50 14
888 0 59
891 37 20
892 64 17
893 24 62
895 25 20
896 49 43
898 52 56
900 29 15
901 45 32
902 29 55
903 48 19
904 26 33
905 58 0
907 28 11
908 18 32
909 52 64
913 44 65
914 27 51
915 45 65
916 28 12
917 37 25
918 29 35
920 46 7
921 70 23
922 28 33
923 67 44
924 21 12
926 70 65
927 7 12
928 31 69
929 9 0
930 6 29
932 26 67
937 12 53
940 25 38
941 24 69
942 38 46
944 61 32
945 42 25
946 17 26
947 15 53
948 64 27
949 31 26
950 48 48
954 48 47
956 25 53
957 29 27
958 32 40
959 26 32
960 39 41
963 62 16
964 43 43
965 43 39
966 21 59
968 48 20
971 60 34
972 61 34
973 60 49
975 8 35
976 39 55
978 43 41
983 38 12
984 43 44
985 39 48
986 39 47
987 26 19
992 27 39
993 30 46
994 24 16
996 40 18
997 26 18
998 42 18
n_n1004 4 60
n_n10192 53 8
n_n10209 52 7
n_n10230 57 16
n_n10247 58 17
n_n10267 46 14
n_n10282 51 14
n_n10284 40 9
n_n1030 5 64
n_n10321 44 24
n_n10338 51 9
n_n10359 55 24
n_n10376 56 14
n_n10396 40 13
n_n10466 45 13
n_n10491 39 9
n_n10521 48 13
n_n10546 39 10
n_n10568 43 12
n_n10590 44 10
n_n1063 52 33
n_n10646 41 11
n_n10671 41 7
n_n10700 41 10
n_n10728 41 8
n_n10795 56 9
n_n10796 40 16
n_n10809 38 3
n_n10820 51 4
n_n10835 57 15
n_n10846 53 11
n_n1085 16 61
n_n10869 25 11
n_n10896 55 20
n_n10907 50 9
n_n10922 54 20
n_n1093 50 28
n_n10933 53 12
n_n10947 42 13
n_n10957 43 9
n_n10998 49 12
n_n11017 51 12
n_n11041 48 12
n_n11060 51 13
n_n11092 52 10
n_n1111 55 28
n_n11136 42 14
n_n11155 44 8
n_n11178 42 12
n_n1119 45 49
n_n11200 43 8
n_n1125 43 23
n_n11269 43 15
n_n11282 0 21
n_n1131 67 42
n_n11316 37 17
n_n1139 42 21
n_n11446 32 31
n_n11454 40 27
n_n11457 47 30
n_n11466 68 48
n_n1147 52 43
n_n11474 0 50
n_n11477 64 35
n_n11484 23 32
n_n11492 27 32
n_n11514 46 37
n_n11522 21 16
n_n11525 38 21
n_n11534 46 70
n_n11542 51 61
n_n11545 52 68
n_n11552 57 47
n_n11560 33 17
n_n11584 31 34
n_n11592 48 31
n_n11595 48 25
n_n11604 30 56
n_n11612 70 35
n_n11622 21 24
n_n11630 30 3
n_n1165 52 31
n_n11652 42 37
n_n11660 59 28
n_n11672 18 28
n_n11680 51 36
n_n11683 59 27
n_n11690 66 47
n_n11698 40 0
n_n1173 8 51
n_n11833 7 65
n_n11836 22 69
n_n1185 6 58
n_n1187 42 24
n_n11960 48 4
n_n1201 27 58
n_n1203 22 60
n_n1207 15 63
n_n1209 17 61
n_n1213 53 65
n_n1215 14 62
n_n1219 50 41
n_n1221 50 35
n_n1229 49 42
n_n12303 11 7
n_n1231 50 42
n_n12373 46 26
n_n1243 57 58
n_n1247 51 29
n_n1249 55 29
n_n1253 13 56
n_n1255 46 62
n_n1259 46 48
n_n1261 46 49
n_n12619 22 12
n_n1263 50 49
n_n12637 63 35
n_n12638 67 37
n_n12641 4 44
n_n12648 20 56
n_n1265 43 29
n_n12655 20 28
n_n12659 14 57
n_n12673 19 56
n_n12683 15 58
n_n1269 41 29
n_n12706 16 59
n_n1271 42 23
n_n12726 25 56
n_n12736 16 57
n_n12760 16 58
n_n1277 56 51
n_n12773 38 56
n_n1283 30 49
n_n1285 47 63
n_n1291 42 20
n_n1295 53 70
n_n1297 14 61
n_n1301 55 41
n_n13028 38 53
n_n1303 51 38
n_n13066 42 15
n_n13092 29 70
n_n1311 48 41
n_n1313 48 40
n_n1323 55 49
n_n1325 57 50
n_n13271 67 56
n_n1331 51 31
n_n1335 11 50
n_n1337 54 35
n_n13390 45 59
n_n1341 42 51
n_n1343 9 51
n_n1345 51 53
n_n1347 55 58
n_n1351 12 70
n_n1353 63 57
n_n13546 56 4
n_n13566 51 10
n_n1359 70 60
n_n13600 55 6
n_n13618 50 10
n_n1367 7 24
n_n1371 14 26
n_n13789 59 14
n_n13959 51 19
n_n1402 54 59
n_n1410 53 45
n_n1423 22 41
n_n1426 55 54
n_n1427 52 60
n_n1434 52 59
n_n1442 42 58
n_n1459 41 54
n_n1462 30 59
n_n1463 53 54
n_n1470 54 54
n_n1491 48 34
n_n1494 53 40
n_n1495 51 54
n_n1502 52 54
n_n1510 43 58
n_n1529 26 63
n_n1555 49 28
n_n1566 47 53
n_n1587 64 54
n_n1593 48 62
n_n1596 0 13
n_n1616 43 50
n_n1620 50 57
n_n1621 53 60
n_n1649 53 30
n_n1653 51 60
n_n1685 23 52
n_n1689 46 56
n_n1690 53 55
n_n1718 50 46
n_n1721 45 56
n_n1722 52 55
n_n1752 52 49
n_n1753 53 39
n_n1787 40 28
n_n1795 43 52
n_n1821 22 25
n_n1823 13 66
n_n1856 30 26
n_n1858 22 59
n_n1859 23 58
n_n1905 14 63
n_n1906 17 67
n_n1907 15 62
n_n1908 44 21
n_n1922 16 26
n_n1938 57 54
n_n1956 48 51
n_n1957 18 67
n_n1992 57 55
n_n2007 53 37
n_n2009 52 41
n_n2010 51 22
n_n2023 17 16
n_n2039 58 54
n_n2097 41 32
n_n2099 65 56
n_n2100 19 16
n_n2142 0 41
n_n2143 47 61
n_n2144 34 1
n_n2176 48 39
n_n2179 57 57
n_n2180 44 28
n_n2226 52 29
n_n2228 51 55
n_n2229 46 28
n_n2277 47 50
n_n2280 46 61
n_n2281 13 55
n_n2327 9 52
n_n2332 46 55
n_n2333 46 32
n_n2388 55 56
n_n2404 43 54
n_n2432 66 56
n_n2466 45 8
n_n2481 49 60
n_n2483 4 47
n_n2484 52 1
n_n2498 4 61
n_n2544 28 9
n_n2546 26 38
n_n2702 70 37
n_n2703 9 22
n_n2715 19 36
n_n2920 2 20
n_n2921 8 21
n_n2933 2 36
n_n3014 29 10
n_n3016 24 14
n_n3302 4 24
n_n3303 9 21
n_n3322 57 22
n_n3341 5 11
n_n3347 28 13
n_n3428 37 60
n_n3509 13 9
n_n3510 13 11
n_n3520 6 21
n_n3682 12 9
n_n3693 43 33
n_n3838 36 41
n_n3839 36 60
n_n3990 13 10
n_n3991 14 11
n_n3997 16 47
n_n424 4 69
n_n429 30 44
n_n430 15 44
n_n434 33 15
n_n4412 28 66
n_n4421 36 62
n_n4433 47 55
n_n4441 36 67
n_n4451 33 44
n_n4459 34 45
n_n4473 34 44
n_n4481 64 45
n_n4489 14 2
n_n450 2 56
n_n4501 28 69
n_n4509 31 60
n_n4519 33 45
n_n4527 33 46
n_n4541 34 28
n_n4543 33 37
n_n4551 29 66
n_n4559 35 62
n_n4571 47 54
n_n4579 36 68
n_n4589 32 42
n_n4597 32 41
n_n4611 33 36
n_n4619 64 44
n_n4639 29 69
n_n4647 31 61
n_n4657 33 39
n_n4688 16 27
n_n4697 34 32
n_n4707 24 13
n_n4709 28 10
n_n4717 37 35
n_n4760 0 43
n_n4814 63 38
n_n4834 33 60
n_n4877 58 21
n_n4943 68 44
n_n5453 66 44
n_n5468 17 22
n_n5481 22 14
n_n5514 64 63
n_n5574 63 63
n_n5604 1 0
n_n5610 18 70
n_n5621 0 2
n_n5644 1 2
n_n5660 2 3
n_n5713 0 1
n_n5729 1 1
n_n5752 2 2
n_n5768 1 3
n_n6064 16 30
n_n6358 23 39
n_n6408 34 33
n_n6545 29 7
n_n6696 17 43
n_n6697 16 41
n_n6710 25 8
n_n6741 58 45
n_n6909 12 10
n_n6910 13 8
n_n695 8 36
n_n7000 34 59
n_n7001 25 59
n_n7082 11 10
n_n7083 12 8
n_n7390 12 11
n_n7391 14 9
n_n7397 17 45
n_n7399 18 37
n_n7400 30 39
n_n755 2 46
n_n7702 13 52
n_n7804 11 8
n_n7805 11 9
n_n7808 17 0
n_n7816 5 37
n_n7825 23 47
n_n7837 5 39
n_n7845 15 50
n_n785 60 39
n_n7855 33 38
n_n7877 47 2
n_n7885 10 42
n_n7893 0 23
n_n7905 6 18
n_n7913 7 30
n_n7923 22 38
n_n7931 20 38
n_n7945 41 26
n_n7947 48 3
n_n7993 14 38
n_n8001 16 39
n_n8015 47 3
n_n8061 14 39
n_n8069 16 38
n_n8097 16 29
n_n8098 17 29
n_n8101 67 19
n_n8104 67 34
n_n8106 34 8
n_n8112 49 27
n_n8118 23 60
n_n8169 3 5
n_n8180 29 37
n_n8223 19 68
n_n8243 5 19
n_n8286 5 0
n_n8340 70 70
n_n8352 38 36
n_n876 34 46
n_n8862 38 33
n_n8876 21 65
n_n8877 37 10
n_n8905 10 39
n_n8913 15 42
n_n8924 23 22
n_n8930 24 39
n_n8932 24 26
n_n8948 13 39
n_n8956 18 38
n_n8968 11 39
n_n8976 15 38
n_n8987 23 21
n_n8994 38 26
n_n9027 17 34
n_n9043 18 41
n_n9064 0 48
n_n9080 16 28
n_n9093 23 19
n_n9141 23 27
n_n9157 65 0
n_n9194 24 5
n_n9245 16 21
n_n9294 25 10
n_n9296 29 12
n_n9302 24 11
n_n9304 24 10
n_n9399 67 67
n_n9516 17 41
n_n9587 35 24
n_n9618 50 63
n_n9647 36 22
n_n9650 40 45
n_n9665 61 22
n_n9680 61 18
n_n9694 54 18
n_n9709 57 23
n_n9725 56 23
n_n9740 60 23
n_n9754 51 23
n_n9769 54 23
n_n9772 49 22
n_n983 67 1
n_n9894 36 21
n_n9895 17 27
n_n9916 43 14
n_n9921 22 10
ni2 10 38
ni3 62 40
nv10056 52 57
nv10068 61 58
nv10082 62 48
nv10086 70 54
nv1009 39 0
nv10099 21 29
nv10126 6 64
nv10130 17 44
nv10135 14 43
nv10143 62 41
nv10153 51 70
nv10156 20 12
nv10162 63 48
nv10167 47 69
nv10169 15 21
nv10172 19 9
nv10174 31 12
nv10178 5 12
nv10187 0 7
nv10222 19 67
nv10237 37 70
nv10247 63 40
nv10258 61 9
nv1030 65 47
nv10316 63 39
nv1052 51 35
nv10727 12 22
nv1073 18 27
nv1096 58 28
nv1117 43 36
nv1138 31 27
nv1162 31 3
nv1183 22 24
nv1205 70 34
nv1226 30 57
nv1249 48 32
nv1270 30 34
nv1316 33 16
nv1337 58 47
nv1359 50 61
nv1380 46 69
nv14 27 8
nv1403 21 17
nv1424 45 37
nv1445 28 43
nv1469 29 32
nv1512 0 44
nv1533 69 48
nv1556 41 27
nv1577 31 31
nv158 53 5
nv1598 8 25
nv16 27 9
nv1620 58 22
nv163 48 9
nv166 48 10
nv181 65 8
nv197 65 9
nv2 34 11
nv2066 6 67
nv209 57 4
nv212 55 7
nv2190 47 10
nv2193 47 20
nv2216 53 22
nv2231 56 13
nv2235 55 12
nv2241 49 11
nv2252 32 26
nv2256 54 21
nv2272 48 17
nv2276 50 5
nv2290 3 70
nv2294 41 69
nv2309 33 29
nv2313 42 8
nv2314 55 16
nv2330 50 12
nv2334 58 11
nv2340 48 18
nv2344 49 13
nv2348 58 10
nv235 64 10
nv2355 59 20
nv2359 55 11
nv2373 32 22
nv2377 58 14
nv2393 0 65
nv2397 52 3
nv2411 70 9
nv2415 39 2
nv243 16 51
nv2430 29 25
nv2434 48 11
nv2448 59 18
nv2458 67 65
nv2462 53 20
nv2469 55 13
nv2473 54 12
nv2478 39 21
nv2482 54 19
nv2489 49 5
nv2493 50 6
nv2498 42 69
nv2502 41 68
nv2508 42 7
nv251 9 44
nv2520 43 65
nv2524 53 15
nv2530 16 1
nv2534 52 15
nv2545 54 11
nv2550 58 13
nv2554 57 14
nv2561 55 0
nv2565 51 3
nv2570 38 2
nv2574 39 3
nv2580 47 11
nv2602 46 8
nv2605 47 21
nv2627 53 24
nv2641 55 17
nv2647 43 10
nv2668 57 24
nv2694 50 8
nv2718 54 16
nv2743 41 13
nv2748 33 24
nv2766 58 8
nv2770 46 9
nv2773 53 17
nv2786 50 13
nv2793 52 16
nv2807 58 18
nv2831 59 19
nv2857 50 7
nv2881 61 21
nv2906 45 11
nv2907 34 16
nv2911 31 24
nv2930 51 15
nv2933 59 17
nv2946 52 24
nv2949 52 21
nv2963 56 17
nv2978 56 24
nv2995 51 8
nv302 10 65
nv3026 39 13
nv3044 52 17
nv3060 51 16
nv3063 51 17
nv3077 57 17
nv3092 57 19
nv31 26 8
nv3109 51 7
nv3124 52 8
nv3140 46 11
nv3156 70 21
nv3163 64 22
nv3187 50 70
nv3194 0 55
nv3202 33 19
nv3214 59 8
nv3245 34 23
nv3252 31 0
nv3260 35 21
nv3273 15 31
nv3280 11 67
nv3304 69 52
nv3311 35 23
nv3319 57 60
nv3362 51 59
nv3369 28 21
nv3377 58 60
nv345 33 9
nv349 60 53
nv354 30 47
nv363 22 17
nv3672 16 42
nv3901 37 11
nv3912 14 58
nv3916 7 16
nv3918 30 8
nv3927 23 18
nv401 41 16
nv4045 50 20
nv406 54 49
nv4172 8 33
nv4198 13 42
nv4234 14 46
nv4242 8 41
nv4252 17 42
nv4260 13 40
nv4284 19 70
nv43 26 9
nv4301 23 13
nv4311 69 69
nv4319 70 51
nv4355 1 51
nv4363 24 30
nv4373 0 12
nv4381 53 32
nv4389 28 30
nv4401 11 29
nv4409 10 46
nv4418 38 58
nv4426 21 15
nv4436 4 0
nv444 40 14
nv4444 19 2
nv4452 37 42
nv4480 24 48
nv4488 22 33
nv4498 6 19
nv4506 54 27
nv4514 19 31
nv4537 1 63
nv4545 17 64
nv4552 24 12
nv4561 69 70
nv4568 62 56
nv4575 70 43
nv4600 1 53
nv4607 25 29
nv4616 2 13
nv4623 53 31
nv4630 28 32
nv4641 11 28
nv4648 11 45
nv4656 39 58
nv4663 19 12
nv4679 11 0
nv4711 23 49
nv4718 19 32
nv4727 7 18
nv4734 54 29
nv4741 18 30
nv4833 39 42
nv4932 66 29
nv4942 12 59
nv525 41 25
nv5285 24 60
nv5287 13 59
nv539 14 60
nv5493 3 53
nv5499 24 37
nv5548 18 12
nv5590 22 48
nv5596 23 35
nv5843 42 43
nv5862 38 42
nv5867 26 48
nv59 37 13
nv590 14 54
nv5906 23 12
nv5954 2 52
nv6010 40 59
nv6017 18 15
nv6072 20 30
nv6104 25 50
nv6110 27 53
nv6146 38 43
nv624 14 59
nv6289 39 43
nv633 45 68
nv6425 61 51
nv6428 10 16
nv644 36 57
nv6450 14 14
nv6459 28 61
nv6462 36 4
nv6472 69 3
nv6486 8 70
nv6576 49 9
nv658 10 52
nv6589 53 14
nv662 51 45
nv666 8 63
nv667 6 34
nv6789 29 0
nv679 47 51
nv6797 25 1
nv6806 13 53
nv6814 35 45
nv6824 70 31
nv683 18 52
nv6851 21 5
nv6859 23 2
nv6868 5 26
nv687 20 53
nv6876 65 31
nv69 53 3
nv6902 35 14
nv6914 35 40
nv6922 32 38
nv6931 17 70
nv6939 30 41
nv6949 48 2
nv6965 24 35
nv6976 20 26
nv699 56 30
nv6993 35 65
nv7001 58 15
nv7011 34 60
nv7019 31 66
nv7027 34 36
nv7050 26 1
nv7058 24 53
nv7065 29 45
nv7074 70 32
nv708 10 60
nv7081 37 33
nv7088 8 20
nv7098 20 4
nv7105 21 0
nv7113 4 25
nv7120 46 17
nv7136 14 27
nv7143 34 21
nv7154 34 42
nv7169 27 62
nv717 4 64
nv7176 41 67
nv7185 34 2
nv7192 60 28
nv7199 27 35
nv7209 20 27
nv7216 28 36
nv7224 37 67
nv7231 47 9
nv7240 33 62
nv7247 32 61
nv7254 34 35
nv726 20 57
nv7346 44 42
nv735 19 52
nv740 22 53
nv7445 48 45
nv7447 29 61
nv7451 22 13
nv750 35 32
nv758 6 44
nv7647 3 3
nv7650 21 14
nv779 49 35
nv7791 70 53
nv7794 21 13
nv78 53 10
nv787 17 59
nv7952 13 54
nv7958 37 49
nv797 49 51
nv8006 66 32
nv801 41 55
nv8049 18 62
nv805 18 59
nv8055 43 70
nv8103 62 54
nv817 33 22
nv821 22 32
nv826 17 60
nv835 28 26
nv8350 42 44
nv8369 44 30
nv839 52 34
nv8402 34 54
nv8409 29 39
nv844 18 58
nv8464 60 16
nv8513 33 61
nv853 12 26
nv8575 60 12
nv858 17 53
nv8605 42 27
nv8608 12 17
nv8628 34 13
nv8633 56 31
nv869 32 23
nv873 33 31
nv883 31 47
nv890 50 45
nv8909 27 2
nv8919 35 8
nv894 17 56
nv899 26 52
nv9029 54 57
nv903 18 56
nv9031 44 12
nv9048 19 18
nv9050 27 15
nv9082 54 56
nv9098 18 18
nv910 55 30
nv914 18 54
nv9145 19 15
nv9189 20 15
nv919 34 50
nv923 19 54
nv9262 17 17
nv928 33 54
nv9285 55 22
nv9297 17 18
nv938 49 31
nv942 31 32
nv9492 55 39
nv952 25 37
nv959 49 34
nv963 0 28
nv968 42 49
nv972 18 55
nv979 22 40
nv988 53 35
nv992 20 54
nv9968 38 27
nv997 11 25
p_cmndst0p0 29 20
p_cmndst1p0 41 3
p_cmnxcp_0 24 41
p_cmx0ad_0 31 70
p_cmx0ad_12 7 61
p_cmx0ad_15 27 28
p_cmx0ad_16 0 27
p_cmx0ad_19 0 66
p_cmx0ad_20 0 52
p_cmx0ad_22 1 48
p_cmx0ad_23 0 37
p_cmx0ad_28 0 19
p_cmx0ad_30 9 70
p_cmx0ad_5 26 70
p_cmx1ad_15 9 57
p_cmx1ad_18 70 25
p_cmx1ad_20 70 30
p_cmx1ad_22 70 49
p_cmx1ad_23 70 45
p_cmx1ad_27 70 63
p_cmx1ad_28 57 0
p_cmx1ad_30 59 70
p_cmx1ad_4 56 0
p_cmx1ad_5 67 0
p_cmx1ad_7 70 4
p_cmxig_0 21 30
p_cmxig_1 27 21
p_cmxir_1 64 62
