15923 18 6
15924 17 10
15929 9 6
15930 28 1
15935 27 18
15936 31 22
15941 35 33
15942 28 17
15947 9 0
15948 7 8
15953 31 26
15954 30 18
15959 11 9
15960 11 2
15965 31 21
15966 31 20
15971 34 16
15972 27 28
15977 27 23
15978 3 31
15983 33 13
15984 5 33
15989 30 24
15990 34 14
15995 4 35
15996 13 4
16001 13 2
16002 33 15
16007 10 34
16008 4 31
16013 33 11
16014 12 10
16015 9 7
16016 28 18
16018 11 8
16019 12 5
16020 33 14
16021 13 5
16022 12 9
16040 26 23
16048 15 0
16059 1 27
16126 3 27
16156 15 12
16173 11 12
16189 11 11
16208 17 18
16222 15 13
16255 8 11
16336 7 7
16338 8 12
16387 7 11
16388 11 17
16404 8 1
16438 7 12
16440 6 12
16465 35 0
16554 21 10
16600 15 11
16668 14 4
16766 18 12
2363 16 8
2373 1 1
2374 2 2
2375 13 17
2379 2 18
2381 19 30
2451 14 7
2460 25 15
2469 16 5
2471 29 27
2472 27 16
2474 7 24
2480 35 15
2485 34 1
2490 16 19
2492 13 28
2504 2 34
2508 22 29
2513 10 21
2517 12 22
2518 26 1
2522 29 29
2525 25 32
2529 9 23
2535 17 28
2542 1 2
2544 10 14
2548 35 29
2558 25 28
2564 25 27
2568 11 25
2571 25 21
2573 17 11
2580 8 23
2588 22 11
2590 20 12
2594 5 25
2607 4 14
2612 26 13
2615 33 5
2634 9 12
2641 33 28
2649 12 23
2657 6 34
2660 34 28
2675 23 28
2679 3 35
2683 34 7
2687 24 29
2697 6 19
2701 12 0
2703 7 23
2711 8 24
2715 27 32
2717 5 23
2722 4 15
2727 21 20
2731 3 0
2737 7 9
2743 8 10
2748 32 28
2763 30 32
2768 3 25
2773 10 22
2774 20 35
2776 13 25
2781 11 3
2782 15 25
2807 29 33
2811 2 22
2813 23 30
2824 21 32
2827 18 1
2835 13 23
2837 4 19
2841 3 13
2845 8 29
2855 0 0
2857 26 19
2871 5 28
2875 25 29
2885 25 30
2891 35 31
2897 26 24
2904 11 33
2909 30 28
2929 1 12
2932 17 30
2937 9 22
2942 18 27
2945 19 14
2953 4 29
2955 13 35
2958 26 32
2961 17 9
2965 7 32
2969 12 17
2976 17 24
2979 33 20
2981 10 11
2985 22 1
2988 4 16
2992 27 0
2994 9 33
3000 19 28
3019 14 11
3027 10 15
3037 8 25
3041 20 16
3051 25 33
3053 16 35
3060 9 25
3061 18 26
3074 29 28
3081 32 35
3085 15 34
3088 35 10
3101 9 4
3107 26 28
3113 10 12
3121 4 25
3125 14 0
3127 1 8
3129 8 9
3131 28 34
3158 2 15
3167 18 32
3192 16 9
3195 27 34
3212 31 27
3213 10 30
3219 14 26
3224 12 33
3227 16 26
3235 35 12
3247 17 26
3253 25 14
3257 21 7
3267 0 28
3277 20 4
3281 32 27
3283 7 15
3289 8 30
3299 3 12
3317 15 24
3321 17 0
3327 24 28
3331 2 13
3335 6 26
3346 28 20
3350 27 33
3352 1 9
3367 34 20
3371 16 34
3376 18 34
3378 15 23
3386 12 30
3388 13 0
3390 5 26
3414 17 29
3424 10 16
3446 25 31
3448 23 20
3450 6 25
3452 7 28
3456 4 22
3495 1 15
3501 6 22
3505 8 26
3521 8 17
3531 5 24
3535 18 23
3541 4 3
3550 32 31
3557 15 19
3567 22 30
3572 17 32
3575 10 23
3581 10 6
3590 4 12
3594 24 1
3606 32 21
3611 0 1
3614 19 25
3620 16 24
3622 8 0
3624 14 25
3633 33 30
3648 29 32
3670 30 33
3676 13 30
3678 9 11
3686 23 29
3694 14 1
3697 33 1
3700 10 0
3705 3 1
3713 17 27
3719 15 18
3725 9 28
3734 11 4
3737 22 33
3743 4 23
3762 4 13
3766 13 11
3773 29 22
3791 22 21
3799 18 29
3801 18 25
3811 4 10
3823 4 28
3833 7 6
3837 7 0
3843 0 6
3847 13 24
3853 24 0
3866 3 14
3876 17 31
3889 7 26
3892 11 26
3896 21 28
3902 29 34
3908 11 22
3928 1 16
3940 17 23
3942 19 3
3951 4 24
3968 25 1
3972 18 0
3978 8 7
3998 2 0
4002 25 24
4003 24 25
4007 31 34
4027 21 5
4041 0 19
4053 10 17
4085 4 26
4087 29 15
4091 2 20
4101 32 23
4103 12 29
4108 5 11
4113 8 3
4117 33 9
4141 14 30
4157 33 34
4163 0 20
4173 30 0
4193 8 13
4207 30 25
4213 7 22
4220 14 28
4234 4 21
4242 2 28
4248 11 27
4256 14 9
4261 21 1
4265 32 1
4280 10 26
4283 2 33
4290 11 0
4294 15 22
4296 15 28
4310 14 22
4316 1 0
4319 11 23
4322 12 24
4330 7 17
4354 11 34
4364 32 19
4388 19 12
4401 16 25
4424 24 26
4444 24 20
4468 6 16
4472 6 0
4475 7 13
4480 4 0
4496 12 25
4498 28 16
4505 26 31
4508 34 21
4520 7 35
4522 9 24
4544 34 19
4548 10 28
4620 15 26
4630 35 20
4634 17 19
4648 16 23
4650 26 27
4652 17 25
4654 34 5
4664 12 21
4760 18 11
4827 7 10
4843 23 27
4847 24 23
4851 19 1
4886 16 0
4899 33 31
4918 5 6
4927 5 4
4934 24 19
4948 23 1
4955 34 25
4956 4 4
4969 16 11
4997 1 3
5226 24 30
5245 17 2
5251 18 20
5276 2 21
5394 1 32
5403 35 18
5477 14 10
5521 24 22
n_n0 10 5
n_n1 34 6
n_n11 11 1
n_n6911 26 35
n_n6914 0 11
n_n6915 26 33
n_n6916 30 6
n_n6922 16 14
n_n6923 30 11
n_n6929 10 27
n_n6935 12 20
n_n6936 35 32
n_n6938 21 23
n_n6939 18 13
n_n6940 16 27
n_n6941 29 35
n_n6942 32 20
n_n6943 28 13
n_n6944 31 12
n_n6945 22 2
n_n6946 30 3
n_n6947 30 35
n_n6949 35 16
n_n6951 34 35
n_n6953 30 10
n_n6954 20 30
n_n6955 18 33
n_n6958 1 26
n_n6965 13 13
n_n6967 31 8
n_n6969 14 15
n_n6970 11 16
n_n6972 19 21
n_n6973 15 30
n_n6977 26 15
n_n6982 3 3
n_n6983 1 20
n_n6985 0 18
n_n6987 12 34
n_n6994 22 31
n_n6996 22 10
n_n6997 30 7
n_n6998 28 10
n_n6999 28 11
n_n7 16 6
n_n7000 11 18
n_n7002 9 34
n_n7005 22 14
n_n7006 9 1
n_n7008 23 11
n_n7009 22 28
n_n7010 10 20
n_n7012 25 0
n_n7014 7 25
n_n7018 35 6
n_n7023 35 35
n_n7025 12 35
n_n7029 20 28
n_n7032 0 33
n_n7034 15 14
n_n7036 29 13
n_n7037 25 11
n_n7039 11 30
n_n7040 20 18
n_n7046 8 31
n_n7049 6 35
n_n7051 0 25
n_n7058 27 10
n_n7060 24 17
n_n7061 18 18
n_n7064 34 0
n_n7066 23 17
n_n7067 18 24
n_n7071 18 28
n_n7077 16 7
n_n7080 22 26
n_n7084 9 17
n_n7085 22 27
n_n7086 28 33
n_n7087 20 24
n_n7091 29 6
n_n7092 9 15
n_n7094 14 5
n_n7095 10 7
n_n7096 28 15
n_n7097 19 16
n_n7100 11 13
n_n7103 19 18
n_n7109 22 16
n_n7113 13 20
n_n7114 23 5
n_n7116 1 6
n_n7118 6 30
n_n7122 14 14
n_n7125 21 14
n_n7135 16 28
n_n7139 3 34
n_n7141 26 5
n_n7142 24 6
n_n7143 26 2
n_n7145 0 27
n_n7149 23 35
n_n7153 0 3
n_n7158 22 24
n_n7165 29 9
n_n7166 19 20
n_n7169 14 23
n_n7171 8 20
n_n7175 17 1
n_n7180 0 34
n_n7182 0 4
n_n7184 21 12
n_n7186 21 31
n_n7188 20 22
n_n7191 29 4
n_n7192 30 4
n_n7199 4 7
n_n7200 7 30
n_n7201 7 29
n_n7204 10 31
n_n7208 9 35
n_n7210 17 14
n_n7211 31 9
n_n7212 14 29
n_n7213 12 15
n_n7214 6 20
n_n7215 7 20
n_n7219 26 8
n_n7220 31 3
n_n7221 29 3
n_n7222 28 4
n_n7223 21 2
n_n7224 21 9
n_n7229 22 20
n_n7232 35 9
n_n7233 8 8
n_n7235 7 16
n_n7240 14 12
n_n7241 35 14
n_n7243 34 34
n_n7245 35 17
n_n7249 26 3
n_n7250 26 7
n_n7253 6 23
n_n7257 18 16
n_n7260 32 0
n_n7263 32 4
n_n7264 23 10
n_n7265 16 17
n_n7266 16 12
n_n7268 25 8
n_n7275 35 26
n_n7285 33 35
n_n7290 25 35
n_n7297 15 20
n_n7299 27 2
n_n7303 18 22
n_n7304 18 17
n_n7309 34 33
n_n7311 19 19
n_n7314 0 16
n_n7323 16 30
n_n7326 15 15
n_n7329 0 17
n_n7333 18 31
n_n7335 19 0
n_n7337 33 27
n_n7339 23 6
n_n7340 25 4
n_n7348 14 16
n_n7349 19 15
n_n7351 31 6
n_n7353 15 27
n_n7357 4 18
n_n7369 30 12
n_n7370 27 11
n_n7372 15 31
n_n7380 35 22
n_n7383 26 29
n_n7385 0 35
n_n7386 35 7
n_n7404 27 12
n_n7405 31 13
n_n7406 23 7
n_n7407 21 8
n_n7408 8 35
n_n7410 0 12
n_n7412 22 9
n_n7414 35 4
n_n7416 20 7
n_n7421 24 4
n_n7432 21 11
n_n7438 14 21
n_n7439 15 5
n_n7445 29 23
n_n7460 9 19
n_n7466 28 32
n_n7471 19 32
n_n7486 15 29
n_n7490 0 26
n_n7492 15 35
n_n7494 14 20
n_n7495 25 5
n_n7496 22 6
n_n7501 21 17
n_n7502 10 19
n_n7506 0 8
n_n7508 26 17
n_n7515 20 1
n_n7516 31 11
n_n7517 27 4
n_n7525 5 31
n_n7526 21 21
n_n7529 0 23
n_n7532 13 27
n_n7535 14 8
n_n7538 11 5
n_n7544 24 32
n_n7548 27 19
n_n7555 0 22
n_n7559 20 25
n_n7560 9 3
n_n7564 28 12
n_n7566 30 34
n_n7573 8 15
n_n7574 13 34
n_n7585 28 0
n_n7587 7 21
n_n7589 23 18
n_n7590 29 5
n_n7591 30 5
n_n7593 4 9
n_n7613 23 3
n_n7614 8 32
n_n7616 24 12
n_n7618 27 29
n_n7621 35 30
n_n7631 9 31
n_n7632 17 12
n_n7633 5 16
n_n7634 11 35
n_n7637 15 7
n_n7639 28 9
n_n7646 11 32
n_n7647 4 30
n_n7648 15 17
n_n7658 35 13
n_n7662 0 7
n_n7669 7 27
n_n7671 20 14
n_n7675 17 15
n_n7676 24 16
n_n7680 6 21
n_n7690 35 11
n_n7698 35 25
n_n7705 24 11
n_n7716 0 2
n_n7718 7 19
n_n7719 10 29
n_n7727 20 27
n_n7731 31 2
n_n7733 28 7
n_n7745 26 11
n_n7747 12 6
n_n7750 12 7
n_n7753 12 12
n_n7778 35 34
n_n7796 5 17
n_n7797 35 21
n_n7799 19 10
n_n7805 25 12
n_n7818 14 18
n_n7828 11 7
n_n7830 31 7
n_n7832 29 7
n_n7838 13 16
n_n7839 18 15
n_n7840 19 5
n_n7868 17 22
n_n7869 13 18
n_n7872 2 14
n_n7883 35 23
n_n7891 28 19
n_n7893 6 4
n_n7895 10 25
n_n7897 5 27
n_n7899 13 19
n_n7904 35 8
n_n7916 9 16
n_n7917 26 12
n_n7919 24 8
n_n7924 30 2
n_n7939 1 14
n_n7943 33 0
n_n7958 22 0
n_n7972 20 11
n_n7977 0 9
n_n7979 26 9
n_n7982 0 5
n_n7984 23 19
n_n7987 27 5
n_n7989 29 11
n_n7992 6 24
n_n7996 8 27
n_n7998 1 21
n_n8013 16 16
n_n8019 8 22
n_n8023 19 23
n_n8028 11 20
n_n8034 10 32
n_n8041 28 2
n_n8046 1 5
n_n8054 20 0
n_n8062 20 31
n_n8063 25 3
n_n8065 29 10
n_n8074 8 28
n_n8077 31 4
n_n8094 29 8
n_n8105 21 27
n_n8111 35 28
n_n8120 21 35
n_n8126 18 19
n_n8154 8 19
n_n8156 8 18
n_n8169 34 13
n_n8170 11 14
n_n8172 22 19
n_n8178 15 3
n_n8180 7 31
n_n8181 13 6
n_n8189 19 31
n_n8190 20 21
n_n8194 35 2
n_n8207 30 27
n_n8209 27 9
n_n8211 13 26
n_n8215 1 30
n_n8217 34 18
n_n8218 21 3
n_n8220 30 1
n_n8229 34 12
n_n8242 5 35
n_n8244 32 34
n_n8246 13 29
n_n8248 20 23
n_n8250 26 0
n_n8255 17 35
n_n8257 12 27
n_n8259 32 10
n_n8264 25 7
n_n8265 23 9
n_n8283 12 8
n_n8286 10 8
n_n8289 14 34
n_n8293 30 26
n_n8299 33 17
n_n8307 23 31
n_n8309 21 30
n_n8314 23 32
n_n8317 19 11
n_n8320 3 16
n_n8321 3 15
n_n8325 25 6
n_n8327 24 9
n_n8335 22 7
n_n8343 31 5
n_n8346 30 8
n_n8347 5 1
n_n8353 21 6
n_n8356 14 6
n_n8363 1 23
n_n8364 2 19
n_n8372 22 3
n_n8373 23 14
n_n8374 14 19
n_n8376 14 17
n_n8379 12 16
n_n8380 27 7
n_n8385 10 9
n_n8388 34 27
n_n8391 22 35
n_n8393 28 5
n_n8395 29 12
n_n8399 14 24
n_n8401 18 14
n_n8405 23 0
n_n8409 3 24
n_n8411 16 22
n_n8418 20 13
n_n8420 19 13
n_n8424 20 26
n_n8431 24 15
n_n8434 20 5
n_n8440 1 13
n_n8444 24 5
n_n8453 0 30
n_n8463 16 13
n_n8465 13 32
n_n8469 9 30
n_n8472 11 15
n_n8475 10 35
n_n8476 23 8
n_n8478 16 4
n_n8479 22 4
n_n8483 19 29
n_n8484 23 13
n_n8493 15 6
n_n8495 17 16
n_n8498 6 28
n_n8509 27 35
n_n8518 17 7
n_n8521 21 4
n_n8527 10 4
n_n8532 27 13
n_n8534 29 2
n_n8548 19 7
n_n8551 21 18
n_n8553 15 16
n_n8559 14 13
n_n8565 27 22
n_n8567 31 1
n_n8593 24 13
n_n8598 9 32
n_n8604 0 32
n_n8610 18 30
n_n8612 30 22
n_n8624 16 32
n_n8635 24 7
n_n8639 16 15
n_n8640 8 21
n_n8654 0 24
n_n8656 22 5
n_n8658 28 8
n_n8660 26 10
n_n8671 18 35
n_n8682 31 35
n_n8684 8 6
n_n8696 27 6
n_n8698 23 2
n_n8703 21 0
n_n8706 20 8
n_n8712 0 21
n_n8724 1 35
n_n8730 11 21
n_n8733 27 15
n_n8737 10 3
n_n8740 19 8
n_n8752 21 15
n_n8754 13 22
n_n8761 35 5
n_n8764 19 27
n_n8766 7 33
n_n8767 32 11
n_n8768 25 10
n_n8771 17 17
n_n8783 23 15
n_n8784 23 16
n_n8785 19 17
n_n8788 12 18
n_n8802 9 18
n_n8816 35 3
n_n8820 25 13
n_n8825 26 20
n_n8827 20 20
n_n8829 6 10
n_n8830 0 14
n_n8832 32 7
n_n8837 22 22
n_n8840 30 13
n_n8842 22 8
n_n8851 6 14
n_n8853 11 24
n_n8859 13 15
n_n8861 16 20
n_n8863 6 15
n_n8870 13 12
n_n8872 9 29
n_n8873 13 14
n_n8878 20 33
n_n8890 21 26
n_n8899 28 3
n_n8907 27 3
n_n8917 19 35
n_n8919 17 13
n_n8920 1 34
n_n8922 13 8
n_n8926 11 6
n_n8932 13 7
n_n8934 6 8
n_n8940 1 7
n_n8945 0 10
n_n8947 19 24
n_n8949 29 31
n_n8950 14 27
n_n8956 35 24
n_n8960 16 18
n_n8967 3 2
n_n8973 35 1
n_n8976 15 8
n_n8979 21 13
n_n8995 12 26
n_n8997 26 16
n_n8999 9 21
n_n9 27 20
n_n9001 20 29
n_n9005 34 10
n_n9014 12 28
n_n9018 20 15
n_n9032 16 31
n_n9035 9 27
n_n9037 31 10
n_n9038 32 5
n_n9058 23 12
n_n9060 24 10
n_n9063 23 4
n_n9065 30 9
n_n9074 19 26
n_n9076 7 14
n_n9079 5 30
n_n9080 26 6
n_n9084 29 0
n_n9086 20 32
n_n9090 25 9
n_n9091 26 4
n_n9103 12 32
n_n9107 15 21
n_n9109 6 27
n_n9140 11 29
n_n9149 5 21
n_n9156 21 25
n_n9158 21 16
n_n9185 32 9
n_n9188 32 8
n_n9206 27 14
n_n9207 25 17
n_n9218 16 29
n_n9220 12 31
n_n9227 31 0
n_n9234 16 33
n_n9236 6 29
n_n9240 11 31
n_n9246 15 9
n_n9250 20 17
n_n9256 32 6
n_n9258 8 16
n_n9285 14 31
n_n9287 5 22
n_n9293 13 21
n_n9305 2 35
n_n9307 20 19
n_n9326 22 18
n_n9328 5 0
n_n9330 0 13
n_n9367 5 29
n_n9372 0 29
n_n9385 21 19
n_n9389 2 12
n_n9409 3 4
n_n9415 24 14
n_n9443 17 34
n_n9445 24 35
n_n9447 20 6
n_n9454 25 16
n_n9472 9 26
n_n9474 0 15
n_n9478 2 11
n_n9504 24 3
n_n9511 22 15
n_n9517 4 27
n_n9519 11 28
n_n9521 27 8
n_n9524 28 6
n_n9527 22 25
n_n9529 0 31
n_n9543 33 4
n_n9551 17 4
n_n9562 16 21
n_n9565 17 21
n_n9567 9 20
n_n9577 26 14
n_n9579 35 19
n_n9610 3 8
n_n9614 14 35
n_n9622 10 24
n_n9625 18 21
n_n9639 16 10
nen3_2 3 6
nrq2_9 4 6
