100 43 0
101 16 19
1011 43 32
1018 39 43
102 39 40
1060 20 10
1061 8 14
1062 19 2
1064 20 7
1069 15 39
1076 8 31
1079 11 31
1094 11 25
1095 15 43
1097 15 32
1101 13 31
1102 18 32
1113 13 37
1121 36 27
1132 36 42
1141 7 30
1149 12 23
1150 20 28
1156 25 23
1159 19 32
1163 8 33
1171 39 37
118 16 12
1181 8 19
119 17 32
1192 18 14
1194 38 27
1196 20 25
1198 10 34
1217 33 20
1230 20 39
1231 7 29
1237 20 18
124 45 7
1250 27 45
1251 41 20
1254 24 20
1259 28 31
1261 29 38
1264 4 30
1265 5 30
1291 33 47
1305 39 25
1311 31 24
1322 25 46
1327 25 40
1329 35 25
1333 35 33
1334 32 13
1340 31 41
1348 32 16
1349 28 14
135 18 25
137 12 31
1372 22 18
1378 1 21
1383 25 19
1387 37 10
1400 3 19
1413 13 32
1416 19 33
1423 7 31
1424 23 31
143 8 20
1439 41 24
1450 47 47
1463 34 14
1469 36 26
1475 3 21
1483 21 35
1488 22 29
1489 21 14
1491 26 30
1508 10 21
1514 15 23
1529 36 36
153 33 39
1530 16 37
154 32 38
1545 3 30
157 39 28
1594 35 17
1596 24 10
1597 23 13
160 9 20
1600 28 0
1606 10 11
1627 25 28
1637 24 7
1639 22 42
164 25 25
1641 35 27
1647 28 43
1648 26 20
165 25 33
1656 17 33
1657 19 35
166 31 40
1661 18 34
1662 15 31
1668 27 44
1669 0 18
1678 43 25
1682 23 34
1686 0 32
169 9 39
1693 17 34
1696 13 35
1699 44 18
1703 2 28
1707 1 27
1723 5 29
1730 32 28
1737 14 44
1753 47 40
1755 14 30
1773 4 25
1776 21 25
1777 44 30
1793 26 17
1794 24 16
1797 40 13
180 39 31
1803 20 11
1807 14 19
1813 23 35
1814 19 34
1819 37 9
1822 24 17
1836 25 7
1837 19 14
184 11 29
1843 4 26
1849 35 13
185 26 47
1868 44 22
1874 46 20
1878 36 10
1897 9 18
1898 23 9
190 1 16
1905 39 16
1910 21 15
1914 38 17
1918 40 25
19195 8 1
19208 45 3
19217 46 38
1924 37 8
19241 6 21
19243 36 44
19244 4 20
19249 2 20
19250 7 21
19260 5 23
19265 23 47
19267 4 23
19271 5 33
19279 4 33
19284 4 32
19307 1 38
19311 0 31
19313 6 31
19318 32 3
19327 6 23
19331 7 26
19334 9 24
19339 32 1
19348 1 40
19353 13 0
1937 28 37
19374 3 32
1938 21 9
19383 29 9
1939 23 24
19396 14 31
1940 39 18
19400 18 22
19402 44 7
19407 36 37
19417 22 37
19420 25 35
1943 40 16
19435 34 7
19442 47 41
19443 9 15
19447 22 12
19475 21 16
1948 30 34
19499 18 29
195 23 10
1950 31 18
19515 12 28
19516 32 25
19528 29 42
1953 36 32
19539 21 29
19548 28 17
19550 36 33
19568 32 36
19571 6 12
19575 0 33
19577 44 19
19582 33 14
196 47 27
19605 7 18
19610 3 26
19613 32 44
19633 8 26
19648 2 26
19661 37 17
19669 47 19
1968 27 41
19685 13 27
1969 26 36
19692 22 32
197 0 1
1970 16 41
19706 14 33
1971 17 41
19711 16 38
19713 36 41
19720 30 40
19725 26 32
19727 39 30
19732 27 43
19747 17 26
19753 27 38
19758 24 4
1976 45 26
1978 40 15
19801 31 16
19802 32 17
19807 26 28
19830 1 26
19831 5 28
19842 25 17
19848 23 7
19852 21 30
19855 19 31
19859 13 30
19864 29 21
19868 26 35
19893 26 34
199 8 17
19914 17 36
19921 9 29
19948 4 29
19949 17 25
19974 30 43
19977 37 21
19996 31 47
19997 31 46
200 31 34
20000 6 40
20012 8 27
20017 0 27
2002 45 15
20028 32 47
20038 24 15
20056 29 46
20075 27 21
20076 27 20
20081 29 20
20085 20 43
20087 40 8
20090 36 12
20101 21 20
20113 30 10
20121 15 14
20129 31 32
20136 45 22
20137 38 32
20153 24 33
20155 19 19
20161 34 28
20164 31 35
2019 37 25
20203 25 11
2023 43 24
20232 17 38
20248 23 27
20264 25 4
20273 15 12
20275 14 12
20279 18 24
20285 19 13
20290 14 14
20299 32 29
20309 28 18
20310 8 47
20323 23 26
20325 26 21
2034 21 18
20341 44 24
20347 35 22
20350 19 27
20356 12 11
20358 19 20
20364 22 20
20365 17 21
20369 28 12
20370 9 11
20379 10 22
20405 15 13
2041 35 28
20415 16 20
20419 18 13
20424 29 27
20434 37 27
20437 39 34
20449 26 27
20454 30 16
20455 27 13
20461 29 28
20463 9 9
20479 19 29
20490 17 23
20491 11 18
20492 19 21
20506 11 19
20510 22 22
20516 1 0
20520 28 24
20527 14 2
20532 40 3
20536 43 18
20559 33 22
2059 14 32
20593 0 4
20604 21 21
20608 22 16
20614 20 21
20616 38 19
2063 32 35
20658 30 24
20667 14 25
2067 18 23
20705 28 40
20712 8 22
2072 38 13
20722 39 27
20746 11 23
20751 27 39
20756 30 33
20758 21 11
20769 23 6
20776 12 15
20797 19 38
20798 37 23
208 8 16
20809 15 20
20817 29 8
2082 39 24
20827 16 28
20833 17 29
20840 10 41
20846 24 25
20858 16 36
20872 35 9
20874 21 0
20875 28 45
20883 38 30
20895 7 2
20898 20 22
20912 38 22
2092 36 29
20920 2 27
20931 32 34
20938 31 39
20942 25 0
20947 35 0
20950 10 15
20962 31 10
20971 33 8
20973 29 14
20981 23 23
20989 19 12
20996 47 18
21003 25 27
21013 29 12
21017 34 25
21022 9 22
21035 31 33
2104 24 41
21042 22 11
21054 16 27
21061 15 24
21076 38 14
21077 38 26
21089 31 4
21098 30 21
21110 29 24
21120 24 40
21134 28 34
21136 37 30
21148 40 28
21180 16 0
21191 12 18
21196 9 10
212 14 35
21204 21 23
21233 41 28
21243 38 18
21248 35 23
21253 12 21
21257 21 22
21266 18 11
2127 17 42
21271 37 44
21279 32 19
21288 39 20
21298 22 19
21303 34 22
21313 45 17
21332 27 32
21348 31 28
21350 22 5
21362 30 7
21379 3 40
2138 28 41
21390 43 12
214 0 44
21404 38 36
21427 0 47
21435 41 30
21445 35 7
21459 45 40
21466 29 11
21474 28 2
21478 34 23
21482 23 1
21491 25 39
21497 15 17
215 7 33
21500 30 29
21517 10 16
21521 10 35
21530 14 9
21537 29 23
21541 27 29
21561 15 27
21579 33 29
21586 36 20
21608 37 38
2162 35 18
21624 4 34
21627 27 47
21636 30 26
21639 32 26
21642 31 27
21643 27 26
21651 17 20
21655 20 0
21660 31 19
21663 33 16
21676 21 24
21681 27 9
21686 21 19
21687 32 14
2169 35 30
21690 26 24
21691 16 21
2170 36 28
21713 22 36
21723 43 1
21724 18 31
21726 26 4
21732 0 45
21741 35 19
21743 36 13
21744 32 18
21753 34 1
21756 47 9
21762 47 1
21766 33 42
21772 16 17
21781 31 12
21790 33 21
21805 25 13
21815 26 23
21823 28 29
21827 0 35
2183 9 32
21857 26 25
21884 20 14
21910 38 23
21918 25 10
21929 33 18
21938 30 18
21954 28 30
21959 31 20
21975 21 17
21984 23 21
21998 25 16
220 18 10
2200 34 31
22005 26 19
22017 19 24
22029 18 18
22048 33 5
2205 24 22
22050 24 26
22059 42 19
22066 26 14
22067 36 23
22090 45 19
22106 32 24
22115 35 31
22134 25 9
22140 27 27
22185 8 13
22211 17 14
22227 36 14
22231 39 6
22236 30 15
22249 41 19
2225 15 11
22282 43 41
223 23 44
22300 35 8
22309 30 31
22310 29 29
22315 26 26
22334 40 10
22335 24 31
2235 27 31
22363 38 47
2237 23 32
22380 27 18
22384 30 38
2239 16 11
224 34 40
2240 18 33
22404 0 20
22416 17 16
22426 12 0
2243 20 35
22438 24 30
22446 28 35
22456 0 12
22459 43 13
2246 44 26
22461 28 15
22471 2 3
22495 29 15
225 6 9
22518 43 26
22523 3 9
22538 0 39
22544 28 23
22552 21 27
22566 27 24
2258 34 19
22596 31 38
2260 14 34
22620 25 41
22631 5 40
2264 44 27
22648 35 24
2265 40 31
22670 34 20
2268 39 26
22680 26 7
22683 15 38
22698 26 11
227 19 10
22712 12 12
22722 23 12
22725 28 44
22742 34 0
22758 29 40
22766 28 4
22769 24 42
22778 11 17
22793 20 41
228 33 32
22812 16 42
22830 8 9
2291 44 25
230 23 17
2306 28 32
2308 18 28
2309 18 27
233 33 19
2345 28 33
235 9 26
2350 28 11
2354 29 18
236 11 27
2361 22 30
2364 41 12
2374 2 47
238 41 23
2398 23 20
2403 22 31
241 1 47
2425 32 15
2426 47 22
2428 46 22
243 43 16
2430 24 18
2436 24 19
2447 27 14
245 37 14
2457 27 10
2458 32 20
246 13 18
2465 24 29
2474 11 47
2478 35 35
2486 9 27
2496 27 40
250 5 24
2503 29 25
2508 25 30
2516 26 18
2526 19 23
2533 16 14
2534 28 28
254 38 0
2542 23 16
2550 39 21
2551 42 18
256 14 20
2572 39 13
2581 12 33
2593 17 11
2602 21 31
262 18 42
263 22 21
2631 36 31
2637 17 13
2640 9 13
2652 34 38
2659 13 11
2673 16 9
268 15 42
270 27 8
2704 29 30
2725 23 18
2726 20 31
274 10 14
2740 20 8
276 23 28
2776 16 16
278 10 38
2781 27 25
2798 7 9
281 13 33
2813 7 10
2822 6 18
2831 12 10
2839 9 4
2864 7 13
287 2 19
2889 25 14
291 17 24
2913 27 15
2917 23 38
292 15 33
2920 12 26
2928 44 20
2942 22 41
2943 20 27
2975 30 17
2981 33 26
2982 29 26
2999 23 15
300 4 41
3005 27 19
301 26 42
3012 41 17
3018 45 38
3032 23 14
304 23 41
305 19 42
306 7 20
311 42 21
317 33 25
3179 36 16
3186 41 14
3198 35 14
320 23 36
3211 24 8
3215 32 27
3219 24 9
3241 0 25
325 19 18
326 22 47
3262 10 17
3272 41 21
3277 1 32
3282 36 17
3283 37 15
3287 30 20
3288 40 29
3292 30 37
330 22 43
331 9 28
3316 38 9
3317 40 19
333 37 0
3340 35 16
3344 8 21
335 26 41
3370 47 36
3398 42 11
3416 37 36
342 30 47
3428 15 36
3432 28 16
3441 15 8
345 34 43
3452 0 24
347 44 47
3480 42 15
3496 19 30
3500 13 28
3510 35 20
3518 37 11
352 0 28
3520 30 19
3533 40 24
3551 25 20
3558 35 32
3563 42 39
3565 25 26
357 42 12
3572 15 15
3576 8 10
3577 11 10
3578 19 17
3588 40 17
3600 45 18
361 37 16
3612 38 16
362 37 19
3626 24 11
3627 15 30
3636 22 34
364 15 0
3642 16 15
3660 38 24
3661 38 25
3673 38 33
3674 37 33
368 30 30
3681 22 8
3682 39 32
3708 9 8
3733 8 28
3736 12 22
375 22 9
3754 34 15
3755 35 15
3771 33 24
378 37 28
3790 12 19
380 33 36
3800 9 19
381 22 14
383 29 13
3830 31 22
3831 35 11
384 5 32
3843 29 33
385 33 38
3852 44 0
3870 25 31
3884 21 38
389 5 12
3896 12 16
392 30 25
396 10 26
3975 39 23
3976 9 17
399 4 1
40 4 44
4016 10 10
4036 20 33
4044 22 28
405 38 35
407 30 28
4072 28 9
408 26 16
4080 18 9
4081 13 1
409 21 28
4100 1 30
411 13 6
4120 23 8
414 0 19
4166 6 34
4183 33 10
4196 33 33
4202 30 3
4234 5 27
4235 5 25
4248 16 18
4259 10 23
4264 14 16
4276 2 11
4285 37 34
4319 36 9
4322 3 0
433 47 37
4330 43 17
434 46 43
4344 36 19
436 18 30
4360 11 21
4391 31 14
44 39 38
4409 47 10
4414 17 15
4417 8 12
4423 27 12
444 28 10
4453 25 12
4463 40 5
4470 39 17
4472 27 23
4492 22 17
452 4 27
453 36 15
455 31 37
4557 20 17
4558 20 16
456 1 35
457 13 26
4573 11 15
4574 17 18
4587 34 27
4593 23 11
460 22 38
461 45 30
462 23 2
464 30 32
4655 6 22
4656 42 14
4679 13 20
4680 25 15
4684 15 16
469 31 7
4691 13 10
471 37 29
4720 45 20
4726 36 18
476 43 36
4766 24 12
478 23 29
479 44 14
4790 12 35
48 2 23
4807 39 29
481 18 17
4839 14 21
484 2 17
4845 12 20
486 28 27
4869 13 19
4870 8 11
4871 19 28
4882 10 39
4889 6 25
4890 0 30
4892 4 31
4899 3 25
497 44 6
4974 28 36
50 36 30
5013 16 29
503 3 33
5036 14 29
5047 28 38
5048 25 34
5054 18 37
5059 16 8
507 42 7
5076 7 11
5099 27 34
51 42 17
5115 22 15
5138 3 28
514 0 38
5140 7 28
5144 6 30
516 1 5
5161 8 18
5185 15 19
519 37 35
52 24 39
5215 32 11
5248 16 24
5262 16 40
529 44 15
5327 11 28
533 46 18
5336 16 32
5340 11 20
5341 13 21
5344 14 23
5347 17 8
5348 13 9
535 7 32
5356 39 10
5369 38 12
5371 42 20
5372 34 11
54 35 2
5413 46 45
5445 6 28
545 23 39
5457 2 31
546 16 10
5472 37 13
5478 39 19
548 30 12
55 34 12
550 25 43
5510 12 24
5515 12 17
5517 40 23
5565 36 11
5569 39 11
557 30 9
5588 12 30
559 30 23
5592 15 28
5596 34 34
56 34 29
5607 4 14
5613 32 32
5617 11 22
5637 25 42
5642 13 22
5657 13 23
5661 24 27
5699 16 33
57 29 16
571 12 29
5726 21 34
573 10 18
5750 11 9
5754 37 22
5778 14 18
579 21 26
5813 3 34
582 27 42
584 17 12
5844 6 33
5849 1 39
586 41 27
5875 7 25
5879 13 42
5885 34 32
589 22 13
5893 44 28
5900 7 19
591 19 26
5923 2 32
5936 40 45
5953 6 24
5973 5 31
5985 19 37
5988 47 6
5990 22 24
5999 0 11
60 7 40
6020 13 5
609 3 27
61 29 37
62 13 14
622 18 19
624 39 39
629 32 23
632 33 34
635 9 16
636 17 37
639 15 26
64 31 17
645 20 12
653 33 15
654 29 10
657 32 30
658 33 35
66 47 35
662 33 12
667 35 26
67 37 26
68 28 8
686 30 11
688 8 8
693 21 36
694 21 41
696 41 0
697 22 10
699 23 33
70 11 13
706 20 38
708 30 42
71 7 23
712 38 21
716 19 7
72 15 47
723 0 36
736 25 29
737 12 27
74 34 26
740 10 13
742 10 25
747 38 31
75 18 8
760 15 35
761 15 34
763 14 36
767 40 22
77 29 43
79 4 13
792 37 31
793 43 37
794 40 44
806 41 31
807 41 18
814 31 23
82 16 34
825 27 36
826 9 31
83 21 8
833 9 33
84 24 14
850 34 30
855 37 24
858 15 29
862 41 15
863 40 12
867 25 37
869 38 39
87 31 0
878 11 12
88 23 42
880 1 29
887 19 41
89 31 31
893 6 29
896 7 37
897 7 24
898 6 35
899 14 4
900 44 11
901 12 43
904 43 47
905 11 40
906 3 10
907 6 32
908 42 47
911 38 4
912 12 34
913 19 0
914 21 43
916 5 6
930 26 15
931 20 19
936 41 8
938 6 26
939 47 14
943 29 4
955 13 8
957 30 27
96 47 15
976 18 15
983 9 21
988 36 35
99 37 47
990 34 17
992 16 23
998 35 36
n_n10 0 14
n_n102 30 22
n_n105 45 16
n_n106 11 14
n_n107 10 20
n_n108 11 24
n_n1089 19 8
n_n109 26 37
n_n1092 26 40
n_n1097 9 35
n_n11 7 15
n_n110 11 26
n_n1101 44 42
n_n1108 34 16
n_n1109 16 47
n_n111 1 46
n_n1111 31 25
n_n112 20 34
n_n1120 35 21
n_n113 46 41
n_n1142 18 16
n_n1151 28 13
n_n1152 8 7
n_n12 17 30
n_n1212 30 8
n_n1215 34 41
n_n1240 30 39
n_n1242 18 6
n_n1243 8 24
n_n1262 38 28
n_n13 14 17
n_n1320 24 35
n_n133 7 17
n_n1339 37 37
n_n1341 42 31
n_n135 2 30
n_n1356 41 29
n_n1359 42 16
n_n1370 31 13
n_n14 10 19
n_n143 5 21
n_n1433 23 25
n_n144 40 35
n_n145 12 13
n_n147 26 12
n_n1476 20 15
n_n148 12 32
n_n149 22 4
n_n1490 37 32
n_n15 19 22
n_n150 4 21
n_n151 17 0
n_n1536 15 21
n_n1542 29 36
n_n1584 29 35
n_n1591 27 33
n_n1597 39 22
n_n1598 36 21
n_n16 6 42
n_n1604 43 10
n_n1624 13 13
n_n1628 23 19
n_n1633 30 35
n_n1645 39 47
n_n1670 2 29
n_n1679 2 0
n_n1688 3 22
n_n1693 26 13
n_n1697 29 22
n_n17 20 20
n_n1703 33 17
n_n1705 39 0
n_n1709 22 26
n_n171 47 0
n_n1711 14 39
n_n1715 16 35
n_n1724 1 14
n_n1752 19 25
n_n1753 22 25
n_n1773 17 6
n_n1785 35 44
n_n179 46 28
n_n1792 20 24
n_n186 38 42
n_n197 46 35
n_n20 24 34
n_n200 24 24
n_n204 20 23
n_n206 12 8
n_n2060 6 46
n_n2062 41 25
n_n2086 9 34
n_n21 47 39
n_n2110 29 17
n_n212 34 33
n_n2140 40 32
n_n2155 22 27
n_n216 18 21
n_n22 34 35
n_n220 26 6
n_n222 40 33
n_n223 6 20
n_n226 31 3
n_n2272 19 11
n_n228 7 46
n_n236 14 8
n_n24 33 30
n_n240 24 28
n_n2440 9 12
n_n246 11 33
n_n2467 39 15
n_n25 33 31
n_n252 11 11
n_n256 26 8
n_n257 42 25
n_n2578 25 22
n_n2579 33 7
n_n258 26 1
n_n2599 35 34
n_n26 34 37
n_n2603 31 15
n_n2618 10 9
n_n263 42 38
n_n27 9 45
n_n2713 12 14
n_n2732 34 39
n_n2738 21 42
n_n2772 0 7
n_n2795 38 7
n_n2796 31 9
n_n28 35 38
n_n280 28 21
n_n2801 16 26
n_n2803 12 36
n_n2806 40 27
n_n281 3 12
n_n2817 21 32
n_n2820 18 26
n_n2821 31 36
n_n2830 18 39
n_n2832 24 32
n_n2840 14 22
n_n2852 40 18
n_n2860 21 10
n_n29 23 37
n_n2926 14 13
n_n2986 37 20
n_n30 38 38
n_n3099 27 11
n_n31 25 38
n_n3109 37 7
n_n3116 20 32
n_n3121 45 21
n_n3127 46 13
n_n3132 13 36
n_n3138 38 20
n_n3162 36 22
n_n3184 14 27
n_n32 33 11
n_n3221 13 24
n_n3229 15 18
n_n3242 32 9
n_n3257 32 10
n_n3259 31 11
n_n3260 34 9
n_n33 45 0
n_n3309 17 40
n_n333 25 47
n_n3367 28 42
n_n3369 13 7
n_n3371 41 11
n_n3372 34 24
n_n3378 10 12
n_n3380 15 22
n_n3385 16 31
n_n3390 31 43
n_n34 31 26
n_n3406 9 14
n_n3417 38 10
n_n3424 11 16
n_n343 26 9
n_n345 35 3
n_n349 27 30
n_n35 30 14
n_n3506 32 8
n_n3519 15 40
n_n3520 19 40
n_n3523 21 40
n_n3525 20 40
n_n3550 27 16
n_n3581 20 13
n_n3587 20 29
n_n3598 12 9
n_n36 41 42
n_n3610 18 7
n_n3615 23 22
n_n3625 14 40
n_n3626 32 22
n_n3629 14 24
n_n3630 12 7
n_n3631 18 41
n_n3634 16 22
n_n3637 3 41
n_n365 14 11
n_n3659 1 31
n_n3686 11 8
n_n369 47 23
n_n37 42 22
n_n3709 38 34
n_n3710 36 34
n_n3711 33 37
n_n3722 40 21
n_n3727 15 9
n_n3731 35 37
n_n3751 13 34
n_n3757 8 15
n_n3768 30 36
n_n377 46 23
n_n3770 33 23
n_n3772 22 39
n_n3778 33 9
n_n3781 47 13
n_n3782 45 8
n_n380 17 10
n_n381 8 29
n_n3827 15 25
n_n3843 45 13
n_n3864 0 0
n_n3870 36 24
n_n3884 46 16
n_n3896 43 35
n_n3899 25 18
n_n39 34 10
n_n3919 13 12
n_n3923 24 38
n_n3925 17 28
n_n3926 0 34
n_n3974 17 27
n_n3991 33 28
n_n4003 41 16
n_n4015 7 12
n_n407 47 21
n_n4076 42 26
n_n408 26 10
n_n4094 42 24
n_n41 42 36
n_n4124 41 26
n_n4154 14 28
n_n4160 17 9
n_n4165 21 13
n_n4168 35 29
n_n4174 33 27
n_n4179 43 14
n_n4186 28 22
n_n4197 26 38
n_n4199 18 36
n_n42 7 0
n_n4203 19 15
n_n4204 7 45
n_n4206 25 36
n_n4210 32 43
n_n4218 26 31
n_n4251 10 29
n_n4255 25 24
n_n429 27 22
n_n4303 26 44
n_n4306 26 29
n_n431 18 12
n_n4313 32 33
n_n4381 11 30
n_n4394 20 37
n_n44 38 8
n_n443 31 29
n_n4439 1 28
n_n4477 2 21
n_n4489 3 31
n_n45 34 21
n_n4530 5 18
n_n4531 17 19
n_n4532 13 15
n_n4535 19 36
n_n4536 22 40
n_n458 15 10
n_n46 46 17
n_n4605 13 16
n_n4628 39 35
n_n4632 26 33
n_n4633 31 30
n_n4635 40 26
n_n464 29 19
n_n4666 24 21
n_n4671 33 13
n_n4674 39 14
n_n4675 39 12
n_n4677 19 16
n_n4680 40 11
n_n4681 40 14
n_n4682 36 8
n_n4685 41 9
n_n4686 27 17
n_n4687 41 13
n_n47 43 19
n_n4704 4 22
n_n4725 3 29
n_n4729 6 45
n_n4730 16 25
n_n4732 25 21
n_n4733 36 39
n_n4736 13 29
n_n4744 4 28
n_n4770 31 44
n_n4781 14 15
n_n4807 8 23
n_n4808 6 2
n_n4809 9 23
n_n4814 10 30
n_n4815 9 30
n_n4816 40 39
n_n4823 14 10
n_n4826 10 31
n_n4828 20 30
n_n4846 24 36
n_n4852 36 38
n_n4864 28 39
n_n4870 31 21
n_n4871 27 35
n_n4892 29 32
n_n4895 10 24
n_n4898 16 30
n_n49 32 12
n_n4911 18 40
n_n4912 17 39
n_n4913 21 37
n_n4914 21 39
n_n4916 19 39
n_n4920 18 38
n_n4921 21 33
n_n4922 22 35
n_n4923 18 35
n_n4924 20 36
n_n4926 22 33
n_n4929 17 35
n_n4936 25 32
n_n4941 33 41
n_n4950 23 40
n_n4954 38 29
n_n4955 31 42
n_n4961 27 37
n_n4966 26 43
n_n4967 30 41
n_n50 4 24
n_n5009 6 27
n_n5020 28 25
n_n5048 5 34
n_n5053 22 23
n_n5061 24 23
n_n5062 11 35
n_n5063 3 38
n_n52 37 18
n_n5231 0 3
n_n54 35 12
n_n560 7 36
n_n5659 47 45
n_n5660 8 25
n_n5664 25 6
n_n5673 47 44
n_n5676 5 26
n_n5677 7 27
n_n5678 47 26
n_n5682 0 26
n_n5686 9 25
n_n5693 0 29
n_n5769 8 30
n_n5792 26 0
n_n5794 1 25
n_n5796 2 24
n_n5797 2 25
n_n58 27 28
n_n59 13 25
n_n60 19 9
n_n61 47 46
n_n618 26 22
n_n62 13 17
n_n63 29 34
n_n639 15 37
n_n64 16 13
n_n66 18 20
n_n67 16 39
n_n7 34 13
n_n71 24 13
n_n72 20 9
n_n73 23 30
n_n731 23 4
n_n74 39 36
n_n741 42 23
n_n745 44 8
n_n746 20 42
n_n75 34 36
n_n750 15 41
n_n756 30 13
n_n76 24 37
n_n762 17 22
n_n775 0 13
n_n78 35 39
n_n785 40 20
n_n79 44 46
n_n8 21 12
n_n80 41 32
n_n81 28 19
n_n819 41 22
n_n82 34 18
n_n824 29 41
n_n84 32 21
n_n850 26 39
n_n855 32 37
n_n86 36 25
n_n87 29 31
n_n876 20 26
n_n884 39 33
n_n89 34 8
n_n9 12 25
n_n90 37 12
n_n92 44 17
n_n93 38 11
n_n95 40 9
n_n952 14 26
n_n96 32 31
n_n97 42 10
n_n98 38 15
n_n99 17 17
